alfa =  0.61087
beta =  1.1694
gamma =  0.41888
rz =

   0.81915   0.57358   0.00000
  -0.57358   0.81915   0.00000
   0.00000   0.00000   1.00000

ry =

   0.39073   0.00000  -0.92050
   0.00000   1.00000   0.00000
   0.92050   0.00000   0.39073

rx =

   1.00000   0.00000   0.00000
   0.00000   0.91355   0.40674
   0.00000  -0.40674   0.91355

retval =

   0.32007   0.22411  -0.92050
  -0.21730   0.96308   0.15892
   0.92214   0.14915   0.35695

MROT =

   0.32007   0.22411  -0.92050
  -0.21730   0.96308   0.15892
   0.92214   0.14915   0.35695

------ Syriusz ------
rad =  101.29
retval =  1.7678
retval =  1.7678
ra =  1.7678
rad =  16.716
retval =  0.29175
retval = -0.29175
dc = -0.29175
x =

    6.0000   45.0000    8.9170

y =

   -1.0000   16.0000   42.0000   58.0200

rad =  101.29
retval =  1.7678
retval =  1.7678
refX =  1.7678
rad =  16.716
retval =  0.29175
retval = -0.29175
refY = -0.29175
outmatrixC =

Diagonal Matrix

   1   0   0
   0   1   0
   0   0   1
   0   0   0
   0   0   0
   0   0   0
   0   0   0
   0   0   0
   0   0   0

res =

   0
   0
   0

res =

  -0.18746
   0.00000
   0.00000

res =

  -0.18746
   0.93922
   0.00000

res =

  -0.18746
   0.93922
  -0.28763

retval =

  -0.18746
   0.93922
  -0.28763

ref =

  -0.18746
   0.93922
  -0.28763

i = 0
t = 0
dT =  30
deltaT = 0
ans =  1
rad = 0
retval =

   1   0   0
   0   1   0
   0   0   1

rotTime =

   1   0   0
   0   1   0
   0   0   1

ret =

   0
   0
   0

mm =  1
ret =

  -0.18746
   0.00000
   0.00000

ret =

  -0.18746
   0.93922
   0.00000

ret =

  -0.18746
   0.93922
  -0.28763

retval =

  -0.18746
   0.93922
  -0.28763

newRef =

  -0.18746
   0.93922
  -0.28763

ret =

   0
   0
   0

mm =  1
ret =

   0.41526
   0.00000
   0.00000

ret =

   0.41526
   0.89956
   0.00000

ret =

   0.41526
   0.89956
  -0.13544

retval =

   0.41526
   0.89956
  -0.13544

ob =

   0.41526
   0.89956
  -0.13544

outmatrixC =

Diagonal Matrix

  -0.18746         0         0
         0   1.00000         0
         0         0   1.00000
         0         0         0
         0         0         0
         0         0         0
         0         0         0
         0         0         0
         0         0         0

outmatrixC =

  -0.18746   0.00000   0.00000
   0.93922   1.00000   0.00000
   0.00000   0.00000   1.00000
   0.00000   0.00000   0.00000
   0.00000   0.00000   0.00000
   0.00000   0.00000   0.00000
   0.00000   0.00000   0.00000
   0.00000   0.00000   0.00000
   0.00000   0.00000   0.00000

outmatrixC =

  -0.18746   0.00000   0.00000
   0.93922   1.00000   0.00000
  -0.28763   0.00000   1.00000
   0.00000   0.00000   0.00000
   0.00000   0.00000   0.00000
   0.00000   0.00000   0.00000
   0.00000   0.00000   0.00000
   0.00000   0.00000   0.00000
   0.00000   0.00000   0.00000

outmatrixC =

  -0.18746   0.00000   0.00000
   0.93922   1.00000   0.00000
  -0.28763   0.00000   1.00000
   0.41626   0.00000   0.00000
   0.00000   0.00000   0.00000
   0.00000   0.00000   0.00000
   0.00000   0.00000   0.00000
   0.00000   0.00000   0.00000
   0.00000   0.00000   0.00000

outmatrixC =

  -0.18746   0.00000   0.00000
   0.93922   1.00000   0.00000
  -0.28763   0.00000   1.00000
   0.41626   0.00000   0.00000
   0.90056   0.00000   0.00000
   0.00000   0.00000   0.00000
   0.00000   0.00000   0.00000
   0.00000   0.00000   0.00000
   0.00000   0.00000   0.00000

outmatrixC =

  -0.18746   0.00000   0.00000
   0.93922   1.00000   0.00000
  -0.28763   0.00000   1.00000
   0.41626   0.00000   0.00000
   0.90056   0.00000   0.00000
  -0.13444   0.00000   0.00000
   0.00000   0.00000   0.00000
   0.00000   0.00000   0.00000
   0.00000   0.00000   0.00000

outmatrixC =

  -0.18746   0.00000   0.00000
   0.93922   1.00000   0.00000
  -0.28763   0.00000   1.00000
   0.41626   0.00000   0.00000
   0.90056   0.00000   0.00000
  -0.13444   0.00000   0.00000
   0.00000   0.00000   0.00000
   0.00000   0.00000   0.00000
   0.00000   0.00000   0.00000

r =  1
s =

   65.2209   -7.7841

outmatrixC =

   -0.18746    0.00000    0.00000
    0.93922    1.00000    0.00000
   -0.28763    0.00000    1.00000
    0.41626    0.00000    0.00000
    0.90056    0.00000    0.00000
   -0.13444    0.00000    0.00000
    0.00000    0.00000    0.00000
   65.22094    0.00000    0.00000
    0.00000    0.00000    0.00000

outmatrixC =

   -0.18746    0.00000    0.00000
    0.93922    1.00000    0.00000
   -0.28763    0.00000    1.00000
    0.41626    0.00000    0.00000
    0.90056    0.00000    0.00000
   -0.13444    0.00000    0.00000
    0.00000    0.00000    0.00000
   65.22094    0.00000    0.00000
   -7.78411    0.00000    0.00000

i =  1
deltaT =  30
ans =  1
rad =  0.0021817
retval =

   1.00000   0.00218   0.00000
  -0.00218   1.00000   0.00000
   0.00000   0.00000   1.00000

rotTime =

   1.00000   0.00218   0.00000
  -0.00218   1.00000   0.00000
   0.00000   0.00000   1.00000

ret =

   0
   0
   0

mm =  1
ret =

  -0.18541
   0.00000
   0.00000

ret =

  -0.18541
   0.93962
   0.00000

ret =

  -0.18541
   0.93962
  -0.28763

retval =

  -0.18541
   0.93962
  -0.28763

newRef =

  -0.18541
   0.93962
  -0.28763

ret =

   0
   0
   0

mm =  1.00000
ret =

   0.41601
   0.00000
   0.00000

ret =

   0.41601
   0.89951
   0.00000

ret =

   0.41601
   0.89951
  -0.13349

retval =

   0.41601
   0.89951
  -0.13349

ob =

   0.41601
   0.89951
  -0.13349

outmatrixC =

   -0.18746   -0.18541    0.00000
    0.93922    1.00000    0.00000
   -0.28763    0.00000    1.00000
    0.41626    0.00000    0.00000
    0.90056    0.00000    0.00000
   -0.13444    0.00000    0.00000
    0.00000    0.00000    0.00000
   65.22094    0.00000    0.00000
   -7.78411    0.00000    0.00000

outmatrixC =

   -0.18746   -0.18541    0.00000
    0.93922    0.93962    0.00000
   -0.28763    0.00000    1.00000
    0.41626    0.00000    0.00000
    0.90056    0.00000    0.00000
   -0.13444    0.00000    0.00000
    0.00000    0.00000    0.00000
   65.22094    0.00000    0.00000
   -7.78411    0.00000    0.00000

outmatrixC =

   -0.18746   -0.18541    0.00000
    0.93922    0.93962    0.00000
   -0.28763   -0.28763    1.00000
    0.41626    0.00000    0.00000
    0.90056    0.00000    0.00000
   -0.13444    0.00000    0.00000
    0.00000    0.00000    0.00000
   65.22094    0.00000    0.00000
   -7.78411    0.00000    0.00000

outmatrixC =

   -0.18746   -0.18541    0.00000
    0.93922    0.93962    0.00000
   -0.28763   -0.28763    1.00000
    0.41626    0.41701    0.00000
    0.90056    0.00000    0.00000
   -0.13444    0.00000    0.00000
    0.00000    0.00000    0.00000
   65.22094    0.00000    0.00000
   -7.78411    0.00000    0.00000

outmatrixC =

   -0.18746   -0.18541    0.00000
    0.93922    0.93962    0.00000
   -0.28763   -0.28763    1.00000
    0.41626    0.41701    0.00000
    0.90056    0.90051    0.00000
   -0.13444    0.00000    0.00000
    0.00000    0.00000    0.00000
   65.22094    0.00000    0.00000
   -7.78411    0.00000    0.00000

outmatrixC =

   -0.18746   -0.18541    0.00000
    0.93922    0.93962    0.00000
   -0.28763   -0.28763    1.00000
    0.41626    0.41701    0.00000
    0.90056    0.90051    0.00000
   -0.13444   -0.13249    0.00000
    0.00000    0.00000    0.00000
   65.22094    0.00000    0.00000
   -7.78411    0.00000    0.00000

outmatrixC =

   -0.18746   -0.18541    0.00000
    0.93922    0.93962    0.00000
   -0.28763   -0.28763    1.00000
    0.41626    0.41701    0.00000
    0.90056    0.90051    0.00000
   -0.13444   -0.13249    0.00000
    0.00000   30.00000    0.00000
   65.22094    0.00000    0.00000
   -7.78411    0.00000    0.00000

r =  1
s =

   65.1804   -7.6713

