t = 0
alfa =  0.5235987756
beta =  0.5235987756
gamma =  0.5235987756
rz =

   1.0000000000   0.0000000000   0.0000000000
   0.0000000000   0.8660254038   0.5000000000
   0.0000000000  -0.5000000000   0.8660254038

ry =

   0.8660254038   0.0000000000  -0.5000000000
   0.0000000000   1.0000000000   0.0000000000
   0.5000000000   0.0000000000   0.8660254038

rx =

   0.8660254038   0.5000000000   0.0000000000
  -0.5000000000   0.8660254038   0.0000000000
   0.0000000000   0.0000000000   1.0000000000

retval =

   0.7500000000   0.4330127019  -0.5000000000
  -0.2165063509   0.8750000000   0.4330127019
   0.6250000000  -0.2165063509   0.7500000000

rotM =

   0.7500000000   0.4330127019  -0.5000000000
  -0.2165063509   0.8750000000   0.4330127019
   0.6250000000  -0.2165063509   0.7500000000

rotMInv =

   0.7500000000  -0.2165063509   0.6250000000
   0.4330127019   0.8750000000  -0.2165063509
  -0.5000000000   0.4330127019   0.7500000000

dT =  3600
size =  1
w =  0.1666666667
err_ = 0
err =

   0   0   0

epsylon =

   0   0   0

ref =

   0   0   0

ref2 =

   0   0   0

newRef =

   0   0   0

ewRef2 =

   0   0   0

ob =

   0   0   0

ob2 =

   0   0   0

obNR =

   0   0   0

ob2NR =

   0   0   0

w =

   0   0   0

refX = 0
refY = 0
obX = 0
obY = 0
k =  1.002737908
dT =  600
t = -600
############################################## : 1
x =

   11.000000000    1.000000000   50.720000000

y =

   56.0000000000   22.0000000000   56.9000000000    0.0000000000

t = -600
dT =  600
rad =  165.4613333
retval =  2.887845051
retval =  2.887845051
refX =  2.887845051
rad =  56.38247222
out = 0
retval =  0.9840597807
out =  0.9840597807
retval =  0.9840597807
refY =  0.9840597807
deltaT = 0
res =

   0
   0
   0

res =

  -0.5359177139
   0.0000000000
   0.0000000000

res =

  -0.5359177139
   0.1389836714
   0.0000000000

res =

  -0.5359177139
   0.1389836714
   0.8327519096

retval =

  -0.5359177139
   0.1389836714
   0.8327519096

ref =

  -0.5359177139
   0.1389836714
   0.8327519096

ref2 =

   0.5359177139
  -0.1389836714
  -0.8327519096

rad = 0
retval =

   1   0   0
   0   1   0
   0   0   1

rotTime =

   1   0   0
   0   1   0
   0   0   1

deltaT = 0
newRef =

  -0.5359177139
   0.1389836714
   0.8327519096

newRef =

  -0.5359177139
   0.1389836714
   0.8327519096

newRef2 =

   0.5359177139
  -0.1389836714
  -0.8327519096

ob =

  -0.7581325452
   0.5982324555
   0.2595245135

ob2 =

   0.7581325452
  -0.5982324555
  -0.2595245135

obNR =

  -0.7581325452
   0.5982324555
   0.2595245135

ob2NR =

   0.7581325452
  -0.5982324555
  -0.2595245135

r =  1
ob__ =

   2.4735415581   0.2625298139

obX =  2.473541558
obY =  0.2625298139
w =

   0
   0
   0

ref =

  -0.5359177139
   0.1389836714
   0.8327519096

ref2 =

   0.5359177139
  -0.1389836714
  -0.8327519096

newRef =

  -0.5359177139
   0.1389836714
   0.8327519096

ewRef2 =

   0.5359177139
  -0.1389836714
  -0.8327519096

ob =

  -0.7581325452
   0.5982324555
   0.2595245135

ob2 =

   0.7581325452
  -0.5982324555
  -0.2595245135

obNR =

  -0.7581325452
   0.5982324555
   0.2595245135

ob2NR =

   0.7581325452
  -0.5982324555
  -0.2595245135

w =

   0
   0
   0

refX =  2.887845051
refY =  0.9840597807
obX =  2.473541558
obY =  0.2625298139
t = 0
alfa =  2.887845051
delta =  0.9840597807
fi =  2.473541558
sigma =  0.2625298139
l1 = -0.7581325452
m1 =  0.5982324555
n1 =  0.2595245135
L1 = -0.5359177139
M1 =  0.1389836714
N1 =  0.8327519096
############################################## : 2
x =

   11.000000000    3.000000000   43.410000000

y =

   61.0000000000   45.0000000000    6.4000000000    0.0000000000

t = 0
dT =  600
rad =  165.9308750
retval =  2.896040099
retval =  2.896040099
refX =  2.896040099
rad =  61.75177778
out = 0
retval =  1.077771841
out =  1.077771841
retval =  1.077771841
refY =  1.077771841
deltaT =  601.6427448
res =

   0
   0
   0

res =

  -0.4536233984
   0.0000000000
   0.0000000000

res =

  -0.4536233984
   0.1350238736
   0.0000000000

res =

  -0.4536233984
   0.1350238736
   0.8809054240

retval =

  -0.4536233984
   0.1350238736
   0.8809054240

ref =

  -0.4536233984
   0.1350238736
   0.8809054240

ref2 =

   0.4536233984
  -0.1350238736
  -0.8809054240

rad =  0.04375269507
retval =

   0.9990430035   0.0437387371   0.0000000000
  -0.0437387371   0.9990430035   0.0000000000
   0.0000000000   0.0000000000   1.0000000000

rotTime =

   0.9990430035   0.0437387371   0.0000000000
  -0.0437387371   0.9990430035   0.0000000000
   0.0000000000   0.0000000000   1.0000000000

deltaT =  601.6427448
newRef =

  -0.4472835087
   0.1547355708
   0.8809054240

newRef =

  -0.4536233984
   0.1350238736
   0.8809054240

newRef2 =

   0.4472835087
  -0.1547355708
  -0.8809054240

ob =

  -0.7222032085
   0.5978014738
   0.3479309178

ob2 =

   0.7089128759
  -0.6136765825
  -0.3476256413

obNR =

  -0.7222032085
   0.5978014738
   0.3479309178

ob2NR =

   0.7222032085
  -0.5978014738
  -0.3479309178

r =  1
ob__ =

   2.4501603542   0.3553632238

obX =  2.450160354
obY =  0.3553632238
obPrev =

  -0.7581325452
   0.5982324555
   0.2595245135

ob =

  -0.7222032085
   0.5978014738
   0.3479309178

xn =  0.9053974706
yn =  0.4510454785
zn =  0.6423756118
x =  0.9051500002
y =  0.4479208458
z =  0.6378223588
w =

   0.00003896867321
   0.00019629268167
   0.00019855781408

ref =

  -0.4536233984
   0.1350238736
   0.8809054240

ref2 =

   0.4536233984
  -0.1350238736
  -0.8809054240

newRef =

  -0.4536233984
   0.1350238736
   0.8809054240

ewRef2 =

   0.4472835087
  -0.1547355708
  -0.8809054240

ob =

  -0.7222032085
   0.5978014738
   0.3479309178

ob2 =

   0.7089128759
  -0.6136765825
  -0.3476256413

obNR =

  -0.7222032085
   0.5978014738
   0.3479309178

ob2NR =

   0.7222032085
  -0.5978014738
  -0.3479309178

w =

   0.00003896867321
   0.00019629268167
   0.00019855781408

refX =  2.896040099
refY =  1.077771841
obX =  2.450160354
obY =  0.3553632238
t =  600
alfa =  2.896040099
delta =  1.077771841
fi =  2.450160354
sigma =  0.3553632238
l2 = -0.7222032085
m2 =  0.5978014738
n2 =  0.3479309178
L2 = -0.4564684500
M2 =  0.1250687338
N2 =  0.8809054240
############################################## : 3
x =

   11.00000000   53.00000000   50.09000000

y =

   53.0000000000   41.0000000000   41.4900000000    0.0000000000

t =  600
dT =  600
rad =  178.4587083
retval =  3.114692039
retval =  3.114692039
refX =  3.114692039
rad =  53.69485833
out = 0
retval =  0.9371520693
out =  0.9371520693
retval =  0.9371520693
refY =  0.9371520693
deltaT =  1203.285490
res =

   0
   0
   0

res =

  -0.5882148994
   0.0000000000
   0.0000000000

res =

  -0.5882148994
   0.0675904652
   0.0000000000

res =

  -0.58821489940
   0.06759046525
   0.80587515233

retval =

  -0.58821489940
   0.06759046525
   0.80587515233

ref =

  -0.58821489940
   0.06759046525
   0.80587515233

ref2 =

   0.58821489940
  -0.06759046525
  -0.80587515233

rad =  0.08750539015
retval =

   0.9961738457   0.0873937586   0.0000000000
  -0.0873937586   0.9961738457   0.0000000000
   0.0000000000   0.0000000000   1.0000000000

rotTime =

   0.9961738457   0.0873937586   0.0000000000
  -0.0873937586   0.9961738457   0.0000000000
   0.0000000000   0.0000000000   1.0000000000

deltaT =  1203.285490
newRef =

  -0.5800573137
   0.1187381646
   0.8058751523

newRef =

  -0.58821489940
   0.06759046525
   0.80587515233

newRef2 =

   0.5800573137
  -0.1187381646
  -0.8058751523

ob =

  -0.8148312207
   0.5354480956
   0.2221382871

ob2 =

   0.7865654279
  -0.5784361635
  -0.2161629765

obNR =

  -0.8148312207
   0.5354480956
   0.2221382871

ob2NR =

   0.8148312207
  -0.5354480956
  -0.2221382871

r =  1
ob__ =

   2.5602231160   0.2240070055

obX =  2.560223116
obY =  0.2240070055
obPrev =

  -0.7222032085
   0.5978014738
   0.3479309178

