alfa =  0.61087
beta =  1.1694
gamma =  0.41888
rx =

   1.00000   0.00000   0.00000
   0.00000   0.81915   0.57358
   0.00000  -0.57358   0.81915

ry =

   0.39073   0.00000  -0.92050
   0.00000   1.00000   0.00000
   0.92050   0.00000   0.39073

rz =

   0.91355   0.40674   0.00000
  -0.40674   0.91355   0.00000
   0.00000   0.00000   1.00000

retval =

   0.35695   0.15892  -0.92050
   0.14915   0.96308   0.22411
   0.92214  -0.21730   0.32007

MROT =

   0.35695   0.15892  -0.92050
   0.14915   0.96308   0.22411
   0.92214  -0.21730   0.32007

rx =

   1   0   0
   0   1   0
   0   0   1

ry =

   1   0   0
   0   1   0
   0   0   1

rz =

   0.48101  -0.87671   0.00000
   0.87671   0.48101   0.00000
   0.00000   0.00000   1.00000

retval =

   0.48101  -0.87671   0.00000
   0.87671   0.48101   0.00000
   0.00000   0.00000   1.00000

MROT2 =

   0.48101  -0.87671   0.00000
   0.87671   0.48101   0.00000
   0.00000   0.00000   1.00000

------ Syriusz ------
rad =  101.29
retval =  1.7678
retval =  1.7678
ra =  1.7678
rad =  16.716
retval =  0.29175
retval = -0.29175
dc = -0.29175
x =

    6.0000   45.0000    8.9170

y =

   -1.0000   16.0000   42.0000   58.0200

rad =  101.29
retval =  1.7678
retval =  1.7678
refX =  1.7678
rad =  16.716
retval =  0.29175
retval = -0.29175
refY = -0.29175
outmatrixC =

Diagonal Matrix

   1   0   0
   0   1   0
   0   0   1
   0   0   0
   0   0   0
   0   0   0
   0   0   0
   0   0   0
   0   0   0

res =

   0
   0
   0

res =

  -0.18746
   0.00000
   0.00000

res =

  -0.18746
   0.93922
   0.00000

res =

  -0.18746
   0.93922
  -0.28763

retval =

  -0.18746
   0.93922
  -0.28763

ref =

  -0.18746
   0.93922
  -0.28763

i = 0
t = 0
dT =  30
deltaT = 0
rad = 0
retval =

   1   0   0
   0   1   0
   0   0   1

rotTime =

   1   0   0
   0   1   0
   0   0   1

ret =

   0
   0
   0

mm =  1
ret =

  -0.18746
   0.00000
   0.00000

ret =

  -0.18746
   0.93922
   0.00000

ret =

  -0.18746
   0.93922
  -0.28763

retval =

  -0.18746
   0.93922
  -0.28763

newRef =

  -0.18746
   0.93922
  -0.28763

ret =

   0
   0
   0

mm =  1
ret =

   0.34712
   0.00000
   0.00000

ret =

   0.34712
   0.81212
   0.00000

ret =

   0.34712
   0.81212
  -0.46901

retval =

   0.34712
   0.81212
  -0.46901

ob =

   0.34712
   0.81212
  -0.46901

outmatrixC =

Diagonal Matrix

  -0.18746         0         0
         0   1.00000         0
         0         0   1.00000
         0         0         0
         0         0         0
         0         0         0
         0         0         0
         0         0         0
         0         0         0

outmatrixC =

  -0.18746   0.00000   0.00000
   0.93922   1.00000   0.00000
   0.00000   0.00000   1.00000
   0.00000   0.00000   0.00000
   0.00000   0.00000   0.00000
   0.00000   0.00000   0.00000
   0.00000   0.00000   0.00000
   0.00000   0.00000   0.00000
   0.00000   0.00000   0.00000

outmatrixC =

  -0.18746   0.00000   0.00000
   0.93922   1.00000   0.00000
  -0.28763   0.00000   1.00000
   0.00000   0.00000   0.00000
   0.00000   0.00000   0.00000
   0.00000   0.00000   0.00000
   0.00000   0.00000   0.00000
   0.00000   0.00000   0.00000
   0.00000   0.00000   0.00000

outmatrixC =

  -0.18746   0.00000   0.00000
   0.93922   1.00000   0.00000
  -0.28763   0.00000   1.00000
   0.34712   0.00000   0.00000
   0.00000   0.00000   0.00000
   0.00000   0.00000   0.00000
   0.00000   0.00000   0.00000
   0.00000   0.00000   0.00000
   0.00000   0.00000   0.00000

outmatrixC =

  -0.18746   0.00000   0.00000
   0.93922   1.00000   0.00000
  -0.28763   0.00000   1.00000
   0.34712   0.00000   0.00000
   0.81212   0.00000   0.00000
   0.00000   0.00000   0.00000
   0.00000   0.00000   0.00000
   0.00000   0.00000   0.00000
   0.00000   0.00000   0.00000

outmatrixC =

  -0.18746   0.00000   0.00000
   0.93922   1.00000   0.00000
  -0.28763   0.00000   1.00000
   0.34712   0.00000   0.00000
   0.81212   0.00000   0.00000
  -0.46901   0.00000   0.00000
   0.00000   0.00000   0.00000
   0.00000   0.00000   0.00000
   0.00000   0.00000   0.00000

outmatrixC =

  -0.18746   0.00000   0.00000
   0.93922   1.00000   0.00000
  -0.28763   0.00000   1.00000
   0.34712   0.00000   0.00000
   0.81212   0.00000   0.00000
  -0.46901   0.00000   0.00000
   0.00000   0.00000   0.00000
   0.00000   0.00000   0.00000
   0.00000   0.00000   0.00000

r =  1
s =

   66.857  -27.970

outmatrixC =

   -0.18746    0.00000    0.00000
    0.93922    1.00000    0.00000
   -0.28763    0.00000    1.00000
    0.34712    0.00000    0.00000
    0.81212    0.00000    0.00000
   -0.46901    0.00000    0.00000
    0.00000    0.00000    0.00000
   66.85714    0.00000    0.00000
    0.00000    0.00000    0.00000

outmatrixC =

   -0.18746    0.00000    0.00000
    0.93922    1.00000    0.00000
   -0.28763    0.00000    1.00000
    0.34712    0.00000    0.00000
    0.81212    0.00000    0.00000
   -0.46901    0.00000    0.00000
    0.00000    0.00000    0.00000
   66.85714    0.00000    0.00000
  -27.96994    0.00000    0.00000

i =  1
deltaT =  30
rad =  0.0021817
retval =

   1.00000   0.00218   0.00000
  -0.00218   1.00000   0.00000
   0.00000   0.00000   1.00000

rotTime =

   1.00000   0.00218   0.00000
  -0.00218   1.00000   0.00000
   0.00000   0.00000   1.00000

ret =

   0
   0
   0

mm =  1
ret =

  -0.18541
   0.00000
   0.00000

ret =

  -0.18541
   0.93962
   0.00000

ret =

  -0.18541
   0.93962
  -0.28763

retval =

  -0.18541
   0.93962
  -0.28763

newRef =

  -0.18541
   0.93962
  -0.28763

ret =

   0
   0
   0

mm =  1
ret =

   0.34791
   0.00000
   0.00000

ret =

   0.34791
   0.81282
   0.00000

ret =

   0.34791
   0.81282
  -0.46721

retval =

   0.34791
   0.81282
  -0.46721

ob =

   0.34791
   0.81282
  -0.46721

outmatrixC =

   -0.18746   -0.18541    0.00000
    0.93922    1.00000    0.00000
   -0.28763    0.00000    1.00000
    0.34712    0.00000    0.00000
    0.81212    0.00000    0.00000
   -0.46901    0.00000    0.00000
    0.00000    0.00000    0.00000
   66.85714    0.00000    0.00000
  -27.96994    0.00000    0.00000

outmatrixC =

   -0.18746   -0.18541    0.00000
    0.93922    0.93962    0.00000
   -0.28763    0.00000    1.00000
    0.34712    0.00000    0.00000
    0.81212    0.00000    0.00000
   -0.46901    0.00000    0.00000
    0.00000    0.00000    0.00000
   66.85714    0.00000    0.00000
  -27.96994    0.00000    0.00000

outmatrixC =

   -0.18746   -0.18541    0.00000
    0.93922    0.93962    0.00000
   -0.28763   -0.28763    1.00000
    0.34712    0.00000    0.00000
    0.81212    0.00000    0.00000
   -0.46901    0.00000    0.00000
    0.00000    0.00000    0.00000
   66.85714    0.00000    0.00000
  -27.96994    0.00000    0.00000

outmatrixC =

   -0.18746   -0.18541    0.00000
    0.93922    0.93962    0.00000
   -0.28763   -0.28763    1.00000
    0.34712    0.34791    0.00000
    0.81212    0.00000    0.00000
   -0.46901    0.00000    0.00000
    0.00000    0.00000    0.00000
   66.85714    0.00000    0.00000
  -27.96994    0.00000    0.00000

outmatrixC =

   -0.18746   -0.18541    0.00000
    0.93922    0.93962    0.00000
   -0.28763   -0.28763    1.00000
    0.34712    0.34791    0.00000
    0.81212    0.81282    0.00000
   -0.46901    0.00000    0.00000
    0.00000    0.00000    0.00000
   66.85714    0.00000    0.00000
  -27.96994    0.00000    0.00000

outmatrixC =

   -0.18746   -0.18541    0.00000
    0.93922    0.93962    0.00000
   -0.28763   -0.28763    1.00000
    0.34712    0.34791    0.00000
    0.81212    0.81282    0.00000
   -0.46901   -0.46721    0.00000
    0.00000    0.00000    0.00000
   66.85714    0.00000    0.00000
  -27.96994    0.00000    0.00000

