t = 0
alfa =  0.52360
beta =  0.52360
gamma =  0.52360
rz =

   0.86603   0.50000   0.00000
  -0.50000   0.86603   0.00000
   0.00000   0.00000   1.00000

ry =

   0.86603   0.00000  -0.50000
   0.00000   1.00000   0.00000
   0.50000   0.00000   0.86603

rx =

   1.00000   0.00000   0.00000
   0.00000   0.86603   0.50000
   0.00000  -0.50000   0.86603

retval =

   0.75000  -0.21651   0.62500
   0.43301   0.87500  -0.21651
  -0.50000   0.43301   0.75000

rotM =

   0.75000  -0.21651   0.62500
   0.43301   0.87500  -0.21651
  -0.50000   0.43301   0.75000

rotMInv =

   0.75000   0.43301  -0.50000
  -0.21651   0.87500   0.43301
   0.62500  -0.21651   0.75000

dT =  30
size =  2
x =

   11.0000    3.0000   43.4100

y =

   61.00000   45.00000    6.40000    0.00000

rad =  165.93
retval =  2.8960
retval =  2.8960
refX =  2.8960
rad =  61.752
out = 0
retval =  1.0778
out =  1.0778
retval =  1.0778
refY =  1.0778
outmatrixC =

Diagonal Matrix

   1   0
   0   1
   0   0
   0   0
   0   0
   0   0
   0   0

res =

   0
   0
   0

res =

  -0.45910
   0.00000
   0.00000

res =

  -0.45910
   0.11505
   0.00000

res =

  -0.45910
   0.11505
   0.88091

retval =

  -0.45910
   0.11505
   0.88091

ref =

  -0.45910
   0.11505
   0.88091

i = 0
t = 0
dT =  30
deltaT = 0
rad = 0
retval =

   1   0   0
   0   1   0
   0   0   1

rotTime =

   1   0   0
   0   1   0
   0   0   1

newRef =

  -0.45910
   0.11505
   0.88091

ob =

   0.18133
  -0.28884
   0.94005

outmatrixC =

Diagonal Matrix

  -0.45910         0
         0   1.00000
         0         0
         0         0
         0         0
         0         0
         0         0

outmatrixC =

  -0.45910   0.00000
   0.11505   1.00000
   0.00000   0.00000
   0.00000   0.00000
   0.00000   0.00000
   0.00000   0.00000
   0.00000   0.00000

outmatrixC =

  -0.45910   0.00000
   0.11505   1.00000
   0.88091   0.00000
   0.00000   0.00000
   0.00000   0.00000
   0.00000   0.00000
   0.00000   0.00000

outmatrixC =

  -0.45910   0.00000
   0.11505   1.00000
   0.88091   0.00000
   0.18133   0.00000
   0.00000   0.00000
   0.00000   0.00000
   0.00000   0.00000

outmatrixC =

  -0.45910   0.00000
   0.11505   1.00000
   0.88091   0.00000
   0.18133   0.00000
  -0.28884   0.00000
   0.00000   0.00000
   0.00000   0.00000

outmatrixC =

  -0.45910   0.00000
   0.11505   1.00000
   0.88091   0.00000
   0.18133   0.00000
  -0.28884   0.00000
   0.94005   0.00000
   0.00000   0.00000

outmatrixC =

  -0.45910   0.00000
   0.11505   1.00000
   0.88091   0.00000
   0.18133   0.00000
  -0.28884   0.00000
   0.94005   0.00000
   0.00000   0.00000

i =  1
deltaT =  30
rad =  0.0021817
retval =

   1.00000   0.00218   0.00000
  -0.00218   1.00000   0.00000
   0.00000   0.00000   1.00000

rotTime =

   1.00000   0.00218   0.00000
  -0.00218   1.00000   0.00000
   0.00000   0.00000   1.00000

newRef =

  -0.45884
   0.11606
   0.88091

ob =

   0.18131
  -0.28786
   0.94035

outmatrixC =

  -0.45910  -0.45884
   0.11505   1.00000
   0.88091   0.00000
   0.18133   0.00000
  -0.28884   0.00000
   0.94005   0.00000
   0.00000   0.00000

outmatrixC =

  -0.45910  -0.45884
   0.11505   0.11606
   0.88091   0.00000
   0.18133   0.00000
  -0.28884   0.00000
   0.94005   0.00000
   0.00000   0.00000

outmatrixC =

  -0.45910  -0.45884
   0.11505   0.11606
   0.88091   0.88091
   0.18133   0.00000
  -0.28884   0.00000
   0.94005   0.00000
   0.00000   0.00000

outmatrixC =

  -0.45910  -0.45884
   0.11505   0.11606
   0.88091   0.88091
   0.18133   0.18131
  -0.28884   0.00000
   0.94005   0.00000
   0.00000   0.00000

outmatrixC =

  -0.45910  -0.45884
   0.11505   0.11606
   0.88091   0.88091
   0.18133   0.18131
  -0.28884  -0.28786
   0.94005   0.00000
   0.00000   0.00000

outmatrixC =

  -0.45910  -0.45884
   0.11505   0.11606
   0.88091   0.88091
   0.18133   0.18131
  -0.28884  -0.28786
   0.94005   0.94035
   0.00000   0.00000

outmatrixC =

   -0.45910   -0.45884
    0.11505    0.11606
    0.88091    0.88091
    0.18133    0.18131
   -0.28884   -0.28786
    0.94005    0.94035
    0.00000   30.00000

i =  2
retval =

   -0.45910   -0.45884
    0.11505    0.11606
    0.88091    0.88091
    0.18133    0.18131
   -0.28884   -0.28786
    0.94005    0.94035
    0.00000   30.00000

mes1 =

   -0.45910   -0.45884
    0.11505    0.11606
    0.88091    0.88091
    0.18133    0.18131
   -0.28884   -0.28786
    0.94005    0.94035
    0.00000   30.00000

x =

   11.0000    1.0000   50.7200

y =

   56.00000   22.00000   56.90000    0.00000

rad =  165.46
retval =  2.8878
retval =  2.8878
refX =  2.8878
rad =  56.382
out = 0
retval =  0.98406
out =  0.98406
retval =  0.98406
refY =  0.98406
outmatrixC =

Diagonal Matrix

   1   0
   0   1
   0   0
   0   0
   0   0
   0   0
   0   0

res =

   0
   0
   0

res =

  -0.53592
   0.00000
   0.00000

res =

  -0.53592
   0.13898
   0.00000

res =

  -0.53592
   0.13898
   0.83275

retval =

  -0.53592
   0.13898
   0.83275

ref =

  -0.53592
   0.13898
   0.83275

i = 0
t =  60
dT =  30
deltaT =  60
rad =  0.0043633
retval =

   0.99999   0.00436   0.00000
  -0.00436   0.99999   0.00000
   0.00000   0.00000   1.00000

rotTime =

   0.99999   0.00436   0.00000
  -0.00436   0.99999   0.00000
   0.00000   0.00000   1.00000

newRef =

  -0.53531
   0.14132
   0.83275

ob =

   0.088393
  -0.288435
   0.953411

outmatrixC =

Diagonal Matrix

  -0.53531         0
         0   1.00000
         0         0
         0         0
         0         0
         0         0
         0         0

outmatrixC =

  -0.53531   0.00000
   0.14132   1.00000
   0.00000   0.00000
   0.00000   0.00000
   0.00000   0.00000
   0.00000   0.00000
   0.00000   0.00000

outmatrixC =

  -0.53531   0.00000
   0.14132   1.00000
   0.83275   0.00000
   0.00000   0.00000
   0.00000   0.00000
   0.00000   0.00000
   0.00000   0.00000

outmatrixC =

  -0.53531   0.00000
   0.14132   1.00000
   0.83275   0.00000
   0.08839   0.00000
   0.00000   0.00000
   0.00000   0.00000
   0.00000   0.00000

outmatrixC =

  -0.53531   0.00000
   0.14132   1.00000
   0.83275   0.00000
   0.08839   0.00000
  -0.28843   0.00000
   0.00000   0.00000
   0.00000   0.00000

outmatrixC =

  -0.53531   0.00000
   0.14132   1.00000
   0.83275   0.00000
   0.08839   0.00000
  -0.28843   0.00000
   0.95341   0.00000
   0.00000   0.00000

outmatrixC =

   -0.53531    0.00000
    0.14132    1.00000
    0.83275    0.00000
    0.08839    0.00000
   -0.28843    0.00000
    0.95341    0.00000
   60.00000    0.00000

i =  1
deltaT =  90
rad =  0.0065450
retval =

   0.99998   0.00654   0.00000
  -0.00654   0.99998   0.00000
   0.00000   0.00000   1.00000

rotTime =

   0.99998   0.00654   0.00000
  -0.00654   0.99998   0.00000
   0.00000   0.00000   1.00000

newRef =

  -0.53500
   0.14249
   0.83275

ob =

   0.088373
  -0.287279
   0.953761

outmatrixC =

   -0.53531   -0.53500
    0.14132    1.00000
    0.83275    0.00000
    0.08839    0.00000
   -0.28843    0.00000
    0.95341    0.00000
   60.00000    0.00000

outmatrixC =

   -0.53531   -0.53500
    0.14132    0.14249
    0.83275    0.00000
    0.08839    0.00000
   -0.28843    0.00000
    0.95341    0.00000
   60.00000    0.00000

outmatrixC =

   -0.53531   -0.53500
    0.14132    0.14249
    0.83275    0.83275
    0.08839    0.00000
   -0.28843    0.00000
    0.95341    0.00000
   60.00000    0.00000

outmatrixC =

   -0.53531   -0.53500
    0.14132    0.14249
    0.83275    0.83275
    0.08839    0.08837
   -0.28843    0.00000
    0.95341    0.00000
   60.00000    0.00000

outmatrixC =

   -0.53531   -0.53500
    0.14132    0.14249
    0.83275    0.83275
    0.08839    0.08837
   -0.28843   -0.28728
    0.95341    0.00000
   60.00000    0.00000

outmatrixC =

   -0.53531   -0.53500
    0.14132    0.14249
    0.83275    0.83275
    0.08839    0.08837
   -0.28843   -0.28728
    0.95341    0.95376
   60.00000    0.00000

