t = 0
alfa =  0.52360
beta =  0.52360
gamma =  0.52360
rz =

   0.86603   0.50000   0.00000
  -0.50000   0.86603   0.00000
   0.00000   0.00000   1.00000

ry =

   0.86603   0.00000  -0.50000
   0.00000   1.00000   0.00000
   0.50000   0.00000   0.86603

rx =

   1.00000   0.00000   0.00000
   0.00000   0.86603   0.50000
   0.00000  -0.50000   0.86603

retval =

   0.75000  -0.21651   0.62500
   0.43301   0.87500  -0.21651
  -0.50000   0.43301   0.75000

rotM =

   0.75000  -0.21651   0.62500
   0.43301   0.87500  -0.21651
  -0.50000   0.43301   0.75000

rotMInv =

   0.75000   0.43301  -0.50000
  -0.21651   0.87500   0.43301
   0.62500  -0.21651   0.75000

dT =  30
size =  2
x =

   11.0000    3.0000   43.4100

y =

   61.00000   45.00000    6.40000    0.00000

rad =  165.93
retval =  2.8960
retval =  2.8960
refX =  2.8960
rad =  61.752
out = 0
retval =  1.0778
out =  1.0778
retval =  1.0778
refY =  1.0778
outmatrixC =

Diagonal Matrix

   1   0
   0   1
   0   0
   0   0
   0   0
   0   0
   0   0

res =

   0
   0
   0

res =

  -0.45910
   0.00000
   0.00000

res =

  -0.45910
   0.11505
   0.00000

res =

  -0.45910
   0.11505
   0.88091

retval =

  -0.45910
   0.11505
   0.88091

ref =

  -0.45910
   0.11505
   0.88091

i = 0
t = 0
dT =  30
deltaT = 0
rad = 0
retval =

   1   0   0
   0   1   0
   0   0   1

rotTime =

   1   0   0
   0   1   0
   0   0   1

newRef =

  -0.45910
   0.11505
   0.88091

ob =

   0.18133
  -0.28884
   0.94005

outmatrixC =

Diagonal Matrix

  -0.45910         0
         0   1.00000
         0         0
         0         0
         0         0
         0         0
         0         0

outmatrixC =

  -0.45910   0.00000
   0.11505   1.00000
   0.00000   0.00000
   0.00000   0.00000
   0.00000   0.00000
   0.00000   0.00000
   0.00000   0.00000

outmatrixC =

  -0.45910   0.00000
   0.11505   1.00000
   0.88091   0.00000
   0.00000   0.00000
   0.00000   0.00000
   0.00000   0.00000
   0.00000   0.00000

outmatrixC =

  -0.45910   0.00000
   0.11505   1.00000
   0.88091   0.00000
   0.18133   0.00000
   0.00000   0.00000
   0.00000   0.00000
   0.00000   0.00000

outmatrixC =

  -0.45910   0.00000
   0.11505   1.00000
   0.88091   0.00000
   0.18133   0.00000
  -0.28884   0.00000
   0.00000   0.00000
   0.00000   0.00000

outmatrixC =

  -0.45910   0.00000
   0.11505   1.00000
   0.88091   0.00000
   0.18133   0.00000
  -0.28884   0.00000
   0.94005   0.00000
   0.00000   0.00000

outmatrixC =

  -0.45910   0.00000
   0.11505   1.00000
   0.88091   0.00000
   0.18133   0.00000
  -0.28884   0.00000
   0.94005   0.00000
   0.00000   0.00000

i =  1
deltaT =  30
rad =  0.0021817
retval =

   1.00000   0.00218   0.00000
  -0.00218   1.00000   0.00000
   0.00000   0.00000   1.00000

rotTime =

   1.00000   0.00218   0.00000
  -0.00218   1.00000   0.00000
   0.00000   0.00000   1.00000

newRef =

  -0.45884
   0.11606
   0.88091

ob =

   0.18131
  -0.28786
   0.94035

outmatrixC =

  -0.45910  -0.45884
   0.11505   1.00000
   0.88091   0.00000
   0.18133   0.00000
  -0.28884   0.00000
   0.94005   0.00000
   0.00000   0.00000

outmatrixC =

  -0.45910  -0.45884
   0.11505   0.11606
   0.88091   0.00000
   0.18133   0.00000
  -0.28884   0.00000
   0.94005   0.00000
   0.00000   0.00000

outmatrixC =

  -0.45910  -0.45884
   0.11505   0.11606
   0.88091   0.88091
   0.18133   0.00000
  -0.28884   0.00000
   0.94005   0.00000
   0.00000   0.00000

outmatrixC =

  -0.45910  -0.45884
   0.11505   0.11606
   0.88091   0.88091
   0.18133   0.18131
  -0.28884   0.00000
   0.94005   0.00000
   0.00000   0.00000

outmatrixC =

  -0.45910  -0.45884
   0.11505   0.11606
   0.88091   0.88091
   0.18133   0.18131
  -0.28884  -0.28786
   0.94005   0.00000
   0.00000   0.00000

outmatrixC =

  -0.45910  -0.45884
   0.11505   0.11606
   0.88091   0.88091
   0.18133   0.18131
  -0.28884  -0.28786
   0.94005   0.94035
   0.00000   0.00000

outmatrixC =

   -0.45910   -0.45884
    0.11505    0.11606
    0.88091    0.88091
    0.18133    0.18131
   -0.28884   -0.28786
    0.94005    0.94035
    0.00000   30.00000

i =  2
retval =

   -0.45910   -0.45884
    0.11505    0.11606
    0.88091    0.88091
    0.18133    0.18131
   -0.28884   -0.28786
    0.94005    0.94035
    0.00000   30.00000

mes1 =

   -0.45910   -0.45884
    0.11505    0.11606
    0.88091    0.88091
    0.18133    0.18131
   -0.28884   -0.28786
    0.94005    0.94035
    0.00000   30.00000

x =

   11.0000    1.0000   50.7200

y =

   56.00000   22.00000   56.90000    0.00000

rad =  165.46
retval =  2.8878
retval =  2.8878
refX =  2.8878
rad =  56.382
out = 0
retval =  0.98406
out =  0.98406
retval =  0.98406
refY =  0.98406
outmatrixC =

Diagonal Matrix

   1   0
   0   1
   0   0
   0   0
   0   0
   0   0
   0   0

res =

   0
   0
   0

res =

  -0.53592
   0.00000
   0.00000

res =

  -0.53592
   0.13898
   0.00000

res =

  -0.53592
   0.13898
   0.83275

retval =

  -0.53592
   0.13898
   0.83275

ref =

  -0.53592
   0.13898
   0.83275

i = 0
t =  60
dT =  30
deltaT =  60
rad =  0.0043633
retval =

   0.99999   0.00436   0.00000
  -0.00436   0.99999   0.00000
   0.00000   0.00000   1.00000

rotTime =

   0.99999   0.00436   0.00000
  -0.00436   0.99999   0.00000
   0.00000   0.00000   1.00000

newRef =

  -0.53531
   0.14132
   0.83275

ob =

   0.088393
  -0.288435
   0.953411

outmatrixC =

Diagonal Matrix

  -0.53531         0
         0   1.00000
         0         0
         0         0
         0         0
         0         0
         0         0

outmatrixC =

  -0.53531   0.00000
   0.14132   1.00000
   0.00000   0.00000
   0.00000   0.00000
   0.00000   0.00000
   0.00000   0.00000
   0.00000   0.00000

outmatrixC =

  -0.53531   0.00000
   0.14132   1.00000
   0.83275   0.00000
   0.00000   0.00000
   0.00000   0.00000
   0.00000   0.00000
   0.00000   0.00000

outmatrixC =

  -0.53531   0.00000
   0.14132   1.00000
   0.83275   0.00000
   0.08839   0.00000
   0.00000   0.00000
   0.00000   0.00000
   0.00000   0.00000

outmatrixC =

  -0.53531   0.00000
   0.14132   1.00000
   0.83275   0.00000
   0.08839   0.00000
  -0.28843   0.00000
   0.00000   0.00000
   0.00000   0.00000

outmatrixC =

  -0.53531   0.00000
   0.14132   1.00000
   0.83275   0.00000
   0.08839   0.00000
  -0.28843   0.00000
   0.95341   0.00000
   0.00000   0.00000

outmatrixC =

   -0.53531    0.00000
    0.14132    1.00000
    0.83275    0.00000
    0.08839    0.00000
   -0.28843    0.00000
    0.95341    0.00000
   60.00000    0.00000

i =  1
deltaT =  90
rad =  0.0065450
retval =

   0.99998   0.00654   0.00000
  -0.00654   0.99998   0.00000
   0.00000   0.00000   1.00000

rotTime =

   0.99998   0.00654   0.00000
  -0.00654   0.99998   0.00000
   0.00000   0.00000   1.00000

newRef =

  -0.53500
   0.14249
   0.83275

ob =

   0.088373
  -0.287279
   0.953761

outmatrixC =

   -0.53531   -0.53500
    0.14132    1.00000
    0.83275    0.00000
    0.08839    0.00000
   -0.28843    0.00000
    0.95341    0.00000
   60.00000    0.00000

outmatrixC =

   -0.53531   -0.53500
    0.14132    0.14249
    0.83275    0.00000
    0.08839    0.00000
   -0.28843    0.00000
    0.95341    0.00000
   60.00000    0.00000

outmatrixC =

   -0.53531   -0.53500
    0.14132    0.14249
    0.83275    0.83275
    0.08839    0.00000
   -0.28843    0.00000
    0.95341    0.00000
   60.00000    0.00000

outmatrixC =

   -0.53531   -0.53500
    0.14132    0.14249
    0.83275    0.83275
    0.08839    0.08837
   -0.28843    0.00000
    0.95341    0.00000
   60.00000    0.00000

outmatrixC =

   -0.53531   -0.53500
    0.14132    0.14249
    0.83275    0.83275
    0.08839    0.08837
   -0.28843   -0.28728
    0.95341    0.00000
   60.00000    0.00000

outmatrixC =

   -0.53531   -0.53500
    0.14132    0.14249
    0.83275    0.83275
    0.08839    0.08837
   -0.28843   -0.28728
    0.95341    0.95376
   60.00000    0.00000

outmatrixC =

   -0.535306   -0.534997
    0.141321    0.142488
    0.832752    0.832752
    0.088393    0.088373
   -0.288435   -0.287279
    0.953411    0.953761
   60.000000   90.000000

i =  2
retval =

   -0.535306   -0.534997
    0.141321    0.142488
    0.832752    0.832752
    0.088393    0.088373
   -0.288435   -0.287279
    0.953411    0.953761
   60.000000   90.000000

mes2 =

   -0.535306   -0.534997
    0.141321    0.142488
    0.832752    0.832752
    0.088393    0.088373
   -0.288435   -0.287279
    0.953411    0.953761
   60.000000   90.000000

x =

   11.000   53.000   50.090

y =

   53.00000   41.00000   41.49000    0.00000

rad =  178.46
retval =  3.1147
retval =  3.1147
refX =  3.1147
rad =  53.695
out = 0
retval =  0.93715
out =  0.93715
retval =  0.93715
refY =  0.93715
outmatrixC =

Diagonal Matrix

   1   0
   0   1
   0   0
   0   0
   0   0
   0   0
   0   0

res =

   0
   0
   0

res =

  -0.59187
   0.00000
   0.00000

res =

  -0.59187
   0.01593
   0.00000

res =

  -0.591871
   0.015926
   0.805875

retval =

  -0.591871
   0.015926
   0.805875

ref =

  -0.591871
   0.015926
   0.805875

i = 0
t =  120
dT =  30
deltaT =  120
rad =  0.0087266
retval =

   0.99996   0.00873   0.00000
  -0.00873   0.99996   0.00000
   0.00000   0.00000   1.00000

rotTime =

   0.99996   0.00873   0.00000
  -0.00873   0.99996   0.00000
   0.00000   0.00000   1.00000

newRef =

  -0.591710
   0.021090
   0.805875

ob =

   0.055324
  -0.412241
   0.909393

outmatrixC =

Diagonal Matrix

  -0.59171         0
         0   1.00000
         0         0
         0         0
         0         0
         0         0
         0         0

outmatrixC =

  -0.59171   0.00000
   0.02109   1.00000
   0.00000   0.00000
   0.00000   0.00000
   0.00000   0.00000
   0.00000   0.00000
   0.00000   0.00000

outmatrixC =

  -0.59171   0.00000
   0.02109   1.00000
   0.80588   0.00000
   0.00000   0.00000
   0.00000   0.00000
   0.00000   0.00000
   0.00000   0.00000

outmatrixC =

  -0.59171   0.00000
   0.02109   1.00000
   0.80588   0.00000
   0.05532   0.00000
   0.00000   0.00000
   0.00000   0.00000
   0.00000   0.00000

outmatrixC =

  -0.59171   0.00000
   0.02109   1.00000
   0.80588   0.00000
   0.05532   0.00000
  -0.41224   0.00000
   0.00000   0.00000
   0.00000   0.00000

outmatrixC =

  -0.59171   0.00000
   0.02109   1.00000
   0.80588   0.00000
   0.05532   0.00000
  -0.41224   0.00000
   0.90939   0.00000
   0.00000   0.00000

outmatrixC =

    -0.59171     0.00000
     0.02109     1.00000
     0.80588     0.00000
     0.05532     0.00000
    -0.41224     0.00000
     0.90939     0.00000
   120.00000     0.00000

i =  1
deltaT =  150
rad =  0.010908
retval =

   0.99994   0.01091   0.00000
  -0.01091   0.99994   0.00000
   0.00000   0.00000   1.00000

rotTime =

   0.99994   0.01091   0.00000
  -0.01091   0.99994   0.00000
   0.00000   0.00000   1.00000

newRef =

  -0.591662
   0.022381
   0.805875

ob =

   0.055080
  -0.411091
   0.909929

outmatrixC =

    -0.59171    -0.59166
     0.02109     1.00000
     0.80588     0.00000
     0.05532     0.00000
    -0.41224     0.00000
     0.90939     0.00000
   120.00000     0.00000

outmatrixC =

    -0.59171    -0.59166
     0.02109     0.02238
     0.80588     0.00000
     0.05532     0.00000
    -0.41224     0.00000
     0.90939     0.00000
   120.00000     0.00000

outmatrixC =

    -0.59171    -0.59166
     0.02109     0.02238
     0.80588     0.80588
     0.05532     0.00000
    -0.41224     0.00000
     0.90939     0.00000
   120.00000     0.00000

outmatrixC =

    -0.59171    -0.59166
     0.02109     0.02238
     0.80588     0.80588
     0.05532     0.05508
    -0.41224     0.00000
     0.90939     0.00000
   120.00000     0.00000

outmatrixC =

    -0.59171    -0.59166
     0.02109     0.02238
     0.80588     0.80588
     0.05532     0.05508
    -0.41224    -0.41109
     0.90939     0.00000
   120.00000     0.00000

outmatrixC =

    -0.59171    -0.59166
     0.02109     0.02238
     0.80588     0.80588
     0.05532     0.05508
    -0.41224    -0.41109
     0.90939     0.90993
   120.00000     0.00000

outmatrixC =

    -0.591710    -0.591662
     0.021090     0.022381
     0.805875     0.805875
     0.055324     0.055080
    -0.412241    -0.411091
     0.909393     0.909929
   120.000000   150.000000

i =  2
retval =

    -0.591710    -0.591662
     0.021090     0.022381
     0.805875     0.805875
     0.055324     0.055080
    -0.412241    -0.411091
     0.909393     0.909929
   120.000000   150.000000

mes3 =

    -0.591710    -0.591662
     0.021090     0.022381
     0.805875     0.805875
     0.055324     0.055080
    -0.412241    -0.411091
     0.909393     0.909929
   120.000000   150.000000

w =  0.062500
err_ = 0
err =

   0   0   0

epsylon =

   0   0   0

ref =

  -0.45910
   0.11505
   0.88091

obs =

   0.18133
  -0.28884
   0.94005

retval =

  -0.0052031   0.0013040   0.0099837
   0.0082879  -0.0020770  -0.0159027
  -0.0269732   0.0067597   0.0517557

B_0 =

  -0.0052031   0.0013040   0.0099837
   0.0082879  -0.0020770  -0.0159027
  -0.0269732   0.0067597   0.0517557

retval =

  -0.0104062   0.0095919  -0.0169895
   0.0095919  -0.0041541  -0.0091430
  -0.0169895  -0.0091430   0.1035115

S_0 =

  -0.0104062   0.0095919  -0.0169895
   0.0095919  -0.0041541  -0.0091430
  -0.0169895  -0.0091430   0.1035115

retval =

  -0.0226625
  -0.0369568
  -0.0069840

Z_0 =

  -0.0226625
  -0.0369568
  -0.0069840

retval =  0.044476
sigma_0 =  0.044476
K =

Diagonal Matrix

   1   0   0   0
   0   1   0   0
   0   0   1   0
   0   0   0   1

q1 =

  -0.0548818   0.0095919  -0.0169895
   0.0095919  -0.0486297  -0.0091430
  -0.0169895  -0.0091430   0.0590359

K =

Diagonal Matrix

  -0.054882          0          0          0
          0   1.000000          0          0
          0          0   1.000000          0
          0          0          0   1.000000

K =

  -0.05488   0.00000   0.00000   0.00000
   0.00959   1.00000   0.00000   0.00000
   0.00000   0.00000   1.00000   0.00000
   0.00000   0.00000   0.00000   1.00000

K =

  -0.05488   0.00000   0.00000   0.00000
   0.00959   1.00000   0.00000   0.00000
  -0.01699   0.00000   1.00000   0.00000
   0.00000   0.00000   0.00000   1.00000

K =

  -0.05488   0.00959   0.00000   0.00000
   0.00959   1.00000   0.00000   0.00000
  -0.01699   0.00000   1.00000   0.00000
   0.00000   0.00000   0.00000   1.00000

K =

  -0.05488   0.00959   0.00000   0.00000
   0.00959  -0.04863   0.00000   0.00000
  -0.01699   0.00000   1.00000   0.00000
   0.00000   0.00000   0.00000   1.00000

K =

  -0.05488   0.00959   0.00000   0.00000
   0.00959  -0.04863   0.00000   0.00000
  -0.01699  -0.00914   1.00000   0.00000
   0.00000   0.00000   0.00000   1.00000

K =

  -0.05488   0.00959  -0.01699   0.00000
   0.00959  -0.04863   0.00000   0.00000
  -0.01699  -0.00914   1.00000   0.00000
   0.00000   0.00000   0.00000   1.00000

K =

  -0.05488   0.00959  -0.01699   0.00000
   0.00959  -0.04863  -0.00914   0.00000
  -0.01699  -0.00914   1.00000   0.00000
   0.00000   0.00000   0.00000   1.00000

K =

  -0.05488   0.00959  -0.01699   0.00000
   0.00959  -0.04863  -0.00914   0.00000
  -0.01699  -0.00914   0.05904   0.00000
   0.00000   0.00000   0.00000   1.00000

K =

  -0.05488   0.00959  -0.01699   0.00000
   0.00959  -0.04863  -0.00914   0.00000
  -0.01699  -0.00914   0.05904   0.00000
  -0.02266   0.00000   0.00000   1.00000

K =

  -0.05488   0.00959  -0.01699   0.00000
   0.00959  -0.04863  -0.00914   0.00000
  -0.01699  -0.00914   0.05904   0.00000
  -0.02266  -0.03696   0.00000   1.00000

K =

  -0.05488   0.00959  -0.01699   0.00000
   0.00959  -0.04863  -0.00914   0.00000
  -0.01699  -0.00914   0.05904   0.00000
  -0.02266  -0.03696  -0.00698   1.00000

K =

  -0.054882   0.009592  -0.016989   0.000000
   0.009592  -0.048630  -0.009143   0.000000
  -0.016989  -0.009143   0.059036   0.000000
  -0.022662  -0.036957  -0.006984   0.044476

K =

  -0.054882   0.009592  -0.016989  -0.022662
   0.009592  -0.048630  -0.009143   0.000000
  -0.016989  -0.009143   0.059036   0.000000
  -0.022662  -0.036957  -0.006984   0.044476

K =

  -0.054882   0.009592  -0.016989  -0.022662
   0.009592  -0.048630  -0.009143  -0.036957
  -0.016989  -0.009143   0.059036   0.000000
  -0.022662  -0.036957  -0.006984   0.044476

K =

  -0.0548818   0.0095919  -0.0169895  -0.0226625
   0.0095919  -0.0486297  -0.0091430  -0.0369568
  -0.0169895  -0.0091430   0.0590359  -0.0069840
  -0.0226625  -0.0369568  -0.0069840   0.0444756

retval =

  -0.87811   0.15347  -0.27183  -0.36260
   0.15347  -0.77807  -0.14629  -0.59131
  -0.27183  -0.14629   0.94457  -0.11174
  -0.36260  -0.59131  -0.11174   0.71161

delta_K_0 =

  -0.87811   0.15347  -0.27183  -0.36260
   0.15347  -0.77807  -0.14629  -0.59131
  -0.27183  -0.14629   0.94457  -0.11174
  -0.36260  -0.59131  -0.11174   0.71161

K_0_0 =

  -0.87811   0.15347  -0.27183  -0.36260
   0.15347  -0.77807  -0.14629  -0.59131
  -0.27183  -0.14629   0.94457  -0.11174
  -0.36260  -0.59131  -0.11174   0.71161

delta_m_0 =  0.062500
m_0 =  0.062500
mi =  0.0019781
n =  1
a1 =

Diagonal Matrix

   2.4936        0        0
        0   2.4936        0
        0        0   2.4936

a2 =

  -0.118483   0.109211  -0.193438
   0.109211  -0.047297  -0.104100
  -0.193438  -0.104100   1.178556

res =

Diagonal Matrix

   1   0   0
   0   1   0
   0   0   1

res =

Diagonal Matrix

   0   0   0
   0   1   0
   0   0   1

res =

   0.00000   0.00000   0.00000
   0.88091   1.00000   0.00000
   0.00000   0.00000   1.00000

res =

   0.00000   0.00000   0.00000
   0.88091   1.00000   0.00000
  -0.11505   0.00000   1.00000

res =

   0.00000  -0.88091   0.00000
   0.88091   1.00000   0.00000
  -0.11505   0.00000   1.00000

res =

   0.00000  -0.88091   0.00000
   0.88091   0.00000   0.00000
  -0.11505   0.00000   1.00000

res =

   0.00000  -0.88091   0.00000
   0.88091   0.00000   0.00000
  -0.11505  -0.45910   1.00000

res =

   0.00000  -0.88091   0.11505
   0.88091   0.00000   0.00000
  -0.11505  -0.45910   1.00000

res =

   0.00000  -0.88091   0.11505
   0.88091   0.00000   0.45910
  -0.11505  -0.45910   1.00000

res =

   0.00000  -0.88091   0.11505
   0.88091   0.00000   0.45910
  -0.11505  -0.45910   0.00000

retval =

   0.00000  -0.88091   0.11505
   0.88091   0.00000   0.45910
  -0.11505  -0.45910   0.00000

res =

Diagonal Matrix

   1   0   0
   0   1   0
   0   0   1

res =

Diagonal Matrix

   0   0   0
   0   1   0
   0   0   1

res =

   0.00000   0.00000   0.00000
   0.88091   1.00000   0.00000
   0.00000   0.00000   1.00000

res =

   0.00000   0.00000   0.00000
   0.88091   1.00000   0.00000
  -0.11505   0.00000   1.00000

res =

   0.00000  -0.88091   0.00000
   0.88091   1.00000   0.00000
  -0.11505   0.00000   1.00000

res =

   0.00000  -0.88091   0.00000
   0.88091   0.00000   0.00000
  -0.11505   0.00000   1.00000

res =

   0.00000  -0.88091   0.00000
   0.88091   0.00000   0.00000
  -0.11505  -0.45910   1.00000

res =

   0.00000  -0.88091   0.11505
   0.88091   0.00000   0.00000
  -0.11505  -0.45910   1.00000

res =

   0.00000  -0.88091   0.11505
   0.88091   0.00000   0.45910
  -0.11505  -0.45910   1.00000

res =

   0.00000  -0.88091   0.11505
   0.88091   0.00000   0.45910
  -0.11505  -0.45910   0.00000

retval =

   0.00000  -0.88091   0.11505
   0.88091   0.00000   0.45910
  -0.11505  -0.45910   0.00000

a3 =

   0.131479   0.214409   0.040518
   0.214409   0.349647   0.066075
   0.040518   0.066075   0.012487

retval =

   0.004958267   0.000640144  -0.000302488
   0.000640144   0.005530631  -0.000075216
  -0.000302488  -0.000075216   0.007288536

R11 =

   0.004958267   0.000640144  -0.000302488
   0.000640144   0.005530631  -0.000075216
  -0.000302488  -0.000075216   0.007288536

retval =

   0   0   0

R12 =

   0   0   0

retval =

   0
   0
   0

R21 =

   0
   0
   0

retval =  0.0039562
R22 =  0.0039562
res =

Diagonal Matrix

   1   0   0   0
   0   1   0   0
   0   0   1   0
   0   0   0   1

res =

Diagonal Matrix

   0.0049583           0           0           0
           0   1.0000000           0           0
           0           0   1.0000000           0
           0           0           0   1.0000000

res =

   0.00496   0.00000   0.00000   0.00000
   0.00064   1.00000   0.00000   0.00000
   0.00000   0.00000   1.00000   0.00000
   0.00000   0.00000   0.00000   1.00000

res =

   0.00496   0.00000   0.00000   0.00000
   0.00064   1.00000   0.00000   0.00000
  -0.00030   0.00000   1.00000   0.00000
   0.00000   0.00000   0.00000   1.00000

res =

   0.00496   0.00064   0.00000   0.00000
   0.00064   1.00000   0.00000   0.00000
  -0.00030   0.00000   1.00000   0.00000
   0.00000   0.00000   0.00000   1.00000

res =

   0.00496   0.00064   0.00000   0.00000
   0.00064   0.00553   0.00000   0.00000
  -0.00030   0.00000   1.00000   0.00000
   0.00000   0.00000   0.00000   1.00000

res =

   0.00496   0.00064   0.00000   0.00000
   0.00064   0.00553   0.00000   0.00000
  -0.00030  -0.00008   1.00000   0.00000
   0.00000   0.00000   0.00000   1.00000

res =

   0.00496   0.00064  -0.00030   0.00000
   0.00064   0.00553   0.00000   0.00000
  -0.00030  -0.00008   1.00000   0.00000
   0.00000   0.00000   0.00000   1.00000

res =

   0.00496   0.00064  -0.00030   0.00000
   0.00064   0.00553  -0.00008   0.00000
  -0.00030  -0.00008   1.00000   0.00000
   0.00000   0.00000   0.00000   1.00000

res =

   0.00496   0.00064  -0.00030   0.00000
   0.00064   0.00553  -0.00008   0.00000
  -0.00030  -0.00008   0.00729   0.00000
   0.00000   0.00000   0.00000   1.00000

res =

   0.00496   0.00064  -0.00030   0.00000
   0.00064   0.00553  -0.00008   0.00000
  -0.00030  -0.00008   0.00729   0.00000
   0.00000   0.00000   0.00000   1.00000

res =

   0.00496   0.00064  -0.00030   0.00000
   0.00064   0.00553  -0.00008   0.00000
  -0.00030  -0.00008   0.00729   0.00000
   0.00000   0.00000   0.00000   1.00000

res =

   0.00496   0.00064  -0.00030   0.00000
   0.00064   0.00553  -0.00008   0.00000
  -0.00030  -0.00008   0.00729   0.00000
   0.00000   0.00000   0.00000   1.00000

res =

   0.00496   0.00064  -0.00030   0.00000
   0.00064   0.00553  -0.00008   0.00000
  -0.00030  -0.00008   0.00729   0.00000
   0.00000   0.00000   0.00000   1.00000

res =

   0.00496   0.00064  -0.00030   0.00000
   0.00064   0.00553  -0.00008   0.00000
  -0.00030  -0.00008   0.00729   0.00000
   0.00000   0.00000   0.00000   1.00000

res =

   0.00496   0.00064  -0.00030   0.00000
   0.00064   0.00553  -0.00008   0.00000
  -0.00030  -0.00008   0.00729   0.00000
   0.00000   0.00000   0.00000   1.00000

res =

   0.0049583   0.0006401  -0.0003025   0.0000000
   0.0006401   0.0055306  -0.0000752   0.0000000
  -0.0003025  -0.0000752   0.0072885   0.0000000
   0.0000000   0.0000000   0.0000000   0.0039562

retval =

   0.0049583   0.0006401  -0.0003025   0.0000000
   0.0006401   0.0055306  -0.0000752   0.0000000
  -0.0003025  -0.0000752   0.0072885   0.0000000
   0.0000000   0.0000000   0.0000000   0.0039562

retval =

   0.0049583   0.0006401  -0.0003025   0.0000000
   0.0006401   0.0055306  -0.0000752   0.0000000
  -0.0003025  -0.0000752   0.0072885   0.0000000
   0.0000000   0.0000000   0.0000000   0.0039562

R_0_0 =

   0.0049583   0.0006401  -0.0003025   0.0000000
   0.0006401   0.0055306  -0.0000752   0.0000000
  -0.0003025  -0.0000752   0.0072885   0.0000000
   0.0000000   0.0000000   0.0000000   0.0039562

P_0_0 =

   0.0049583   0.0006401  -0.0003025   0.0000000
   0.0006401   0.0055306  -0.0000752   0.0000000
  -0.0003025  -0.0000752   0.0072885   0.0000000
   0.0000000   0.0000000   0.0000000   0.0039562

P_k_k =

   0.0049583   0.0006401  -0.0003025   0.0000000
   0.0006401   0.0055306  -0.0000752   0.0000000
  -0.0003025  -0.0000752   0.0072885   0.0000000
   0.0000000   0.0000000   0.0000000   0.0039562

K_k_k =

  -0.87811   0.15347  -0.27183  -0.36260
   0.15347  -0.77807  -0.14629  -0.59131
  -0.27183  -0.14629   0.94457  -0.11174
  -0.36260  -0.59131  -0.11174   0.71161

m_k =  0.062500
omega =

   0.000000000   0.000000000   0.000072722

deltaT =  150
res =

Diagonal Matrix

   1   0   0
   0   1   0
   0   0   1

res =

Diagonal Matrix

   0   0   0
   0   1   0
   0   0   1

res =

   0.00000   0.00000   0.00000
   0.00007   1.00000   0.00000
   0.00000   0.00000   1.00000

res =

   0.00000   0.00000   0.00000
   0.00007   1.00000   0.00000
  -0.00000   0.00000   1.00000

res =

   0.00000  -0.00007   0.00000
   0.00007   1.00000   0.00000
  -0.00000   0.00000   1.00000

res =

   0.00000  -0.00007   0.00000
   0.00007   0.00000   0.00000
  -0.00000   0.00000   1.00000

res =

   0.00000  -0.00007   0.00000
   0.00007   0.00000   0.00000
  -0.00000   0.00000   1.00000

res =

   0.00000  -0.00007   0.00000
   0.00007   0.00000   0.00000
  -0.00000   0.00000   1.00000

res =

   0.00000  -0.00007   0.00000
   0.00007   0.00000  -0.00000
  -0.00000   0.00000   1.00000

res =

   0.000000000  -0.000072722   0.000000000
   0.000072722   0.000000000  -0.000000000
  -0.000000000   0.000000000   0.000000000

retval =

   0.000000000  -0.000072722   0.000000000
   0.000072722   0.000000000  -0.000000000
  -0.000000000   0.000000000   0.000000000

retval =

   0.000000000  -0.000072722   0.000000000
   0.000072722   0.000000000  -0.000000000
  -0.000000000   0.000000000   0.000000000

omega_c =

   0.000000000  -0.000072722   0.000000000
   0.000072722   0.000000000  -0.000000000
  -0.000000000   0.000000000   0.000000000

res =

   0   0   0   0
   0   0   0   0
   0   0   0   0
   0   0   0   0

res =

  -0   0   0   0
   0   0   0   0
   0   0   0   0
   0   0   0   0

res =

  -0.000000000   0.000000000   0.000000000   0.000000000
  -0.000072722   0.000000000   0.000000000   0.000000000
   0.000000000   0.000000000   0.000000000   0.000000000
   0.000000000   0.000000000   0.000000000   0.000000000

res =

  -0.000000000   0.000000000   0.000000000   0.000000000
  -0.000072722   0.000000000   0.000000000   0.000000000
   0.000000000   0.000000000   0.000000000   0.000000000
   0.000000000   0.000000000   0.000000000   0.000000000

res =

  -0.000000000   0.000072722   0.000000000   0.000000000
  -0.000072722   0.000000000   0.000000000   0.000000000
   0.000000000   0.000000000   0.000000000   0.000000000
   0.000000000   0.000000000   0.000000000   0.000000000

res =

  -0.000000000   0.000072722   0.000000000   0.000000000
  -0.000072722  -0.000000000   0.000000000   0.000000000
   0.000000000   0.000000000   0.000000000   0.000000000
   0.000000000   0.000000000   0.000000000   0.000000000

res =

  -0.000000000   0.000072722   0.000000000   0.000000000
  -0.000072722  -0.000000000   0.000000000   0.000000000
   0.000000000  -0.000000000   0.000000000   0.000000000
   0.000000000   0.000000000   0.000000000   0.000000000

res =

  -0.000000000   0.000072722  -0.000000000   0.000000000
  -0.000072722  -0.000000000   0.000000000   0.000000000
   0.000000000  -0.000000000   0.000000000   0.000000000
   0.000000000   0.000000000   0.000000000   0.000000000

res =

  -0.000000000   0.000072722  -0.000000000   0.000000000
  -0.000072722  -0.000000000   0.000000000   0.000000000
   0.000000000  -0.000000000   0.000000000   0.000000000
   0.000000000   0.000000000   0.000000000   0.000000000

res =

  -0.000000000   0.000072722  -0.000000000   0.000000000
  -0.000072722  -0.000000000   0.000000000   0.000000000
   0.000000000  -0.000000000  -0.000000000   0.000000000
   0.000000000   0.000000000   0.000000000   0.000000000

res =

  -0.000000000   0.000072722  -0.000000000   0.000000000
  -0.000072722  -0.000000000   0.000000000   0.000000000
   0.000000000  -0.000000000  -0.000000000   0.000000000
   0.000000000   0.000000000   0.000000000   0.000000000

res =

  -0.000000000   0.000072722  -0.000000000   0.000000000
  -0.000072722  -0.000000000   0.000000000   0.000000000
   0.000000000  -0.000000000  -0.000000000   0.000000000
   0.000000000   0.000000000   0.000000000   0.000000000

res =

  -0.000000000   0.000072722  -0.000000000   0.000000000
  -0.000072722  -0.000000000   0.000000000   0.000000000
   0.000000000  -0.000000000  -0.000000000   0.000072722
   0.000000000   0.000000000   0.000000000   0.000000000

res =

  -0.000000000   0.000072722  -0.000000000   0.000000000
  -0.000072722  -0.000000000   0.000000000   0.000000000
   0.000000000  -0.000000000  -0.000000000   0.000072722
  -0.000000000   0.000000000   0.000000000   0.000000000

res =

  -0.000000000   0.000072722  -0.000000000   0.000000000
  -0.000072722  -0.000000000   0.000000000   0.000000000
   0.000000000  -0.000000000  -0.000000000   0.000072722
  -0.000000000  -0.000000000   0.000000000   0.000000000

res =

  -0.000000000   0.000072722  -0.000000000   0.000000000
  -0.000072722  -0.000000000   0.000000000   0.000000000
   0.000000000  -0.000000000  -0.000000000   0.000072722
  -0.000000000  -0.000000000  -0.000072722   0.000000000

res =

  -0.000000000   0.000072722  -0.000000000   0.000000000
  -0.000072722  -0.000000000   0.000000000   0.000000000
   0.000000000  -0.000000000  -0.000000000   0.000072722
  -0.000000000  -0.000000000  -0.000072722   0.000000000

retval =

  -0.000000000   0.000072722  -0.000000000   0.000000000
  -0.000072722  -0.000000000   0.000000000   0.000000000
   0.000000000  -0.000000000  -0.000000000   0.000072722
  -0.000000000  -0.000000000  -0.000072722   0.000000000

retval =

  -0.000000000   0.000036361  -0.000000000   0.000000000
  -0.000036361  -0.000000000   0.000000000   0.000000000
   0.000000000  -0.000000000  -0.000000000   0.000036361
  -0.000000000  -0.000000000  -0.000036361   0.000000000

omega =

  -0.000000000   0.000036361  -0.000000000   0.000000000
  -0.000036361  -0.000000000   0.000000000   0.000000000
   0.000000000  -0.000000000  -0.000000000   0.000036361
  -0.000000000  -0.000000000  -0.000036361   0.000000000

retval =

   0.99999   0.00545   0.00000   0.00000
  -0.00545   0.99999   0.00000   0.00000
   0.00000   0.00000   0.99999   0.00545
   0.00000   0.00000  -0.00545   0.99999

FI_k =

   0.99999   0.00545   0.00000   0.00000
  -0.00545   0.99999   0.00000   0.00000
   0.00000   0.00000   0.99999   0.00545
   0.00000   0.00000  -0.00545   0.99999

res =

Diagonal Matrix

   1   0   0
   0   1   0
   0   0   1

res =

Diagonal Matrix

   0   0   0
   0   1   0
   0   0   1

res =

   0.00000   0.00000   0.00000
   0.00007   1.00000   0.00000
   0.00000   0.00000   1.00000

res =

   0.00000   0.00000   0.00000
   0.00007   1.00000   0.00000
  -0.00000   0.00000   1.00000

res =

   0.00000  -0.00007   0.00000
   0.00007   1.00000   0.00000
  -0.00000   0.00000   1.00000

res =

   0.00000  -0.00007   0.00000
   0.00007   0.00000   0.00000
  -0.00000   0.00000   1.00000

res =

   0.00000  -0.00007   0.00000
   0.00007   0.00000   0.00000
  -0.00000   0.00000   1.00000

res =

   0.00000  -0.00007   0.00000
   0.00007   0.00000   0.00000
  -0.00000   0.00000   1.00000

res =

   0.00000  -0.00007   0.00000
   0.00007   0.00000  -0.00000
  -0.00000   0.00000   1.00000

res =

   0.000000000  -0.000072722   0.000000000
   0.000072722   0.000000000  -0.000000000
  -0.000000000   0.000000000   0.000000000

retval =

   0.000000000  -0.000072722   0.000000000
   0.000072722   0.000000000  -0.000000000
  -0.000000000   0.000000000   0.000000000

retval =

   0.000000000  -0.000072722   0.000000000
   0.000072722   0.000000000  -0.000000000
  -0.000000000   0.000000000   0.000000000

omega_c =

   0.000000000  -0.000072722   0.000000000
   0.000072722   0.000000000  -0.000000000
  -0.000000000   0.000000000   0.000000000

res =

   0   0   0   0
   0   0   0   0
   0   0   0   0
   0   0   0   0

res =

  -0   0   0   0
   0   0   0   0
   0   0   0   0
   0   0   0   0

res =

  -0.000000000   0.000000000   0.000000000   0.000000000
  -0.000072722   0.000000000   0.000000000   0.000000000
   0.000000000   0.000000000   0.000000000   0.000000000
   0.000000000   0.000000000   0.000000000   0.000000000

res =

  -0.000000000   0.000000000   0.000000000   0.000000000
  -0.000072722   0.000000000   0.000000000   0.000000000
   0.000000000   0.000000000   0.000000000   0.000000000
   0.000000000   0.000000000   0.000000000   0.000000000

res =

  -0.000000000   0.000072722   0.000000000   0.000000000
  -0.000072722   0.000000000   0.000000000   0.000000000
   0.000000000   0.000000000   0.000000000   0.000000000
   0.000000000   0.000000000   0.000000000   0.000000000

res =

  -0.000000000   0.000072722   0.000000000   0.000000000
  -0.000072722  -0.000000000   0.000000000   0.000000000
   0.000000000   0.000000000   0.000000000   0.000000000
   0.000000000   0.000000000   0.000000000   0.000000000

res =

  -0.000000000   0.000072722   0.000000000   0.000000000
  -0.000072722  -0.000000000   0.000000000   0.000000000
   0.000000000  -0.000000000   0.000000000   0.000000000
   0.000000000   0.000000000   0.000000000   0.000000000

res =

  -0.000000000   0.000072722  -0.000000000   0.000000000
  -0.000072722  -0.000000000   0.000000000   0.000000000
   0.000000000  -0.000000000   0.000000000   0.000000000
   0.000000000   0.000000000   0.000000000   0.000000000

res =

  -0.000000000   0.000072722  -0.000000000   0.000000000
  -0.000072722  -0.000000000   0.000000000   0.000000000
   0.000000000  -0.000000000   0.000000000   0.000000000
   0.000000000   0.000000000   0.000000000   0.000000000

res =

  -0.000000000   0.000072722  -0.000000000   0.000000000
  -0.000072722  -0.000000000   0.000000000   0.000000000
   0.000000000  -0.000000000  -0.000000000   0.000000000
   0.000000000   0.000000000   0.000000000   0.000000000

res =

  -0.000000000   0.000072722  -0.000000000   0.000000000
  -0.000072722  -0.000000000   0.000000000   0.000000000
   0.000000000  -0.000000000  -0.000000000   0.000000000
   0.000000000   0.000000000   0.000000000   0.000000000

res =

  -0.000000000   0.000072722  -0.000000000   0.000000000
  -0.000072722  -0.000000000   0.000000000   0.000000000
   0.000000000  -0.000000000  -0.000000000   0.000000000
   0.000000000   0.000000000   0.000000000   0.000000000

res =

  -0.000000000   0.000072722  -0.000000000   0.000000000
  -0.000072722  -0.000000000   0.000000000   0.000000000
   0.000000000  -0.000000000  -0.000000000   0.000072722
   0.000000000   0.000000000   0.000000000   0.000000000

res =

  -0.000000000   0.000072722  -0.000000000   0.000000000
  -0.000072722  -0.000000000   0.000000000   0.000000000
   0.000000000  -0.000000000  -0.000000000   0.000072722
  -0.000000000   0.000000000   0.000000000   0.000000000

res =

  -0.000000000   0.000072722  -0.000000000   0.000000000
  -0.000072722  -0.000000000   0.000000000   0.000000000
   0.000000000  -0.000000000  -0.000000000   0.000072722
  -0.000000000  -0.000000000   0.000000000   0.000000000

res =

  -0.000000000   0.000072722  -0.000000000   0.000000000
  -0.000072722  -0.000000000   0.000000000   0.000000000
   0.000000000  -0.000000000  -0.000000000   0.000072722
  -0.000000000  -0.000000000  -0.000072722   0.000000000

res =

  -0.000000000   0.000072722  -0.000000000   0.000000000
  -0.000072722  -0.000000000   0.000000000   0.000000000
   0.000000000  -0.000000000  -0.000000000   0.000072722
  -0.000000000  -0.000000000  -0.000072722   0.000000000

retval =

  -0.000000000   0.000072722  -0.000000000   0.000000000
  -0.000072722  -0.000000000   0.000000000   0.000000000
   0.000000000  -0.000000000  -0.000000000   0.000072722
  -0.000000000  -0.000000000  -0.000072722   0.000000000

retval =

  -0.000000000   0.000036361  -0.000000000   0.000000000
  -0.000036361  -0.000000000   0.000000000   0.000000000
   0.000000000  -0.000000000  -0.000000000   0.000036361
  -0.000000000  -0.000000000  -0.000036361   0.000000000

OMEGA_k =

  -0.000000000   0.000036361  -0.000000000   0.000000000
  -0.000036361  -0.000000000   0.000000000   0.000000000
   0.000000000  -0.000000000  -0.000000000   0.000036361
  -0.000000000  -0.000000000  -0.000036361   0.000000000

ref_k1 =

  -0.53500
   0.14249
   0.83275

obs_k1 =

   0.088373
  -0.287279
   0.953761

retval =

  -0.00295495   0.00078701   0.00459954
   0.00960584  -0.00255837  -0.01495202
  -0.03189120   0.00849374   0.04964042

B_k1 =

  -0.00295495   0.00078701   0.00459954
   0.00960584  -0.00255837  -0.01495202
  -0.03189120   0.00849374   0.04964042

retval =

  -0.0059099   0.0103928  -0.0272917
   0.0103928  -0.0051167  -0.0064583
  -0.0272917  -0.0064583   0.0992808

S_k1 =

  -0.0059099   0.0103928  -0.0272917
   0.0103928  -0.0051167  -0.0064583
  -0.0272917  -0.0064583   0.0992808

retval =

  -0.0234458
  -0.0364907
  -0.0088188

Z_k1 =

  -0.0234458
  -0.0364907
  -0.0088188

retval =  0.044127
sigma_k1 =  0.044127
K =

Diagonal Matrix

   1   0   0   0
   0   1   0   0
   0   0   1   0
   0   0   0   1

q1 =

  -0.0500370   0.0103928  -0.0272917
   0.0103928  -0.0492438  -0.0064583
  -0.0272917  -0.0064583   0.0551537

K =

Diagonal Matrix

  -0.050037          0          0          0
          0   1.000000          0          0
          0          0   1.000000          0
          0          0          0   1.000000

K =

  -0.05004   0.00000   0.00000   0.00000
   0.01039   1.00000   0.00000   0.00000
   0.00000   0.00000   1.00000   0.00000
   0.00000   0.00000   0.00000   1.00000

K =

  -0.05004   0.00000   0.00000   0.00000
   0.01039   1.00000   0.00000   0.00000
  -0.02729   0.00000   1.00000   0.00000
   0.00000   0.00000   0.00000   1.00000

K =

  -0.05004   0.01039   0.00000   0.00000
   0.01039   1.00000   0.00000   0.00000
  -0.02729   0.00000   1.00000   0.00000
   0.00000   0.00000   0.00000   1.00000

K =

  -0.05004   0.01039   0.00000   0.00000
   0.01039  -0.04924   0.00000   0.00000
  -0.02729   0.00000   1.00000   0.00000
   0.00000   0.00000   0.00000   1.00000

K =

  -0.05004   0.01039   0.00000   0.00000
   0.01039  -0.04924   0.00000   0.00000
  -0.02729  -0.00646   1.00000   0.00000
   0.00000   0.00000   0.00000   1.00000

K =

  -0.05004   0.01039  -0.02729   0.00000
   0.01039  -0.04924   0.00000   0.00000
  -0.02729  -0.00646   1.00000   0.00000
   0.00000   0.00000   0.00000   1.00000

K =

  -0.05004   0.01039  -0.02729   0.00000
   0.01039  -0.04924  -0.00646   0.00000
  -0.02729  -0.00646   1.00000   0.00000
   0.00000   0.00000   0.00000   1.00000

K =

  -0.05004   0.01039  -0.02729   0.00000
   0.01039  -0.04924  -0.00646   0.00000
  -0.02729  -0.00646   0.05515   0.00000
   0.00000   0.00000   0.00000   1.00000

K =

  -0.05004   0.01039  -0.02729   0.00000
   0.01039  -0.04924  -0.00646   0.00000
  -0.02729  -0.00646   0.05515   0.00000
  -0.02345   0.00000   0.00000   1.00000

K =

  -0.05004   0.01039  -0.02729   0.00000
   0.01039  -0.04924  -0.00646   0.00000
  -0.02729  -0.00646   0.05515   0.00000
  -0.02345  -0.03649   0.00000   1.00000

K =

  -0.05004   0.01039  -0.02729   0.00000
   0.01039  -0.04924  -0.00646   0.00000
  -0.02729  -0.00646   0.05515   0.00000
  -0.02345  -0.03649  -0.00882   1.00000

K =

  -0.050037   0.010393  -0.027292   0.000000
   0.010393  -0.049244  -0.006458   0.000000
  -0.027292  -0.006458   0.055154   0.000000
  -0.023446  -0.036491  -0.008819   0.044127

K =

  -0.050037   0.010393  -0.027292  -0.023446
   0.010393  -0.049244  -0.006458   0.000000
  -0.027292  -0.006458   0.055154   0.000000
  -0.023446  -0.036491  -0.008819   0.044127

K =

  -0.050037   0.010393  -0.027292  -0.023446
   0.010393  -0.049244  -0.006458  -0.036491
  -0.027292  -0.006458   0.055154   0.000000
  -0.023446  -0.036491  -0.008819   0.044127

K =

  -0.0500370   0.0103928  -0.0272917  -0.0234458
   0.0103928  -0.0492438  -0.0064583  -0.0364907
  -0.0272917  -0.0064583   0.0551537  -0.0088188
  -0.0234458  -0.0364907  -0.0088188   0.0441271

retval =

  -0.80059   0.16629  -0.43667  -0.37513
   0.16629  -0.78790  -0.10333  -0.58385
  -0.43667  -0.10333   0.88246  -0.14110
