t = 0
alfa =  0.52360
beta =  0.52360
gamma =  0.52360
rz =

   0.86603   0.50000   0.00000
  -0.50000   0.86603   0.00000
   0.00000   0.00000   1.00000

ry =

   0.86603   0.00000  -0.50000
   0.00000   1.00000   0.00000
   0.50000   0.00000   0.86603

rx =

   1.00000   0.00000   0.00000
   0.00000   0.86603   0.50000
   0.00000  -0.50000   0.86603

retval =

   0.75000  -0.21651   0.62500
   0.43301   0.87500  -0.21651
  -0.50000   0.43301   0.75000

rotM =

   0.75000   0.43301  -0.50000
  -0.21651   0.87500   0.43301
   0.62500  -0.21651   0.75000

rotMInv =

   0.75000  -0.21651   0.62500
   0.43301   0.87500  -0.21651
  -0.50000   0.43301   0.75000

dT =  30
size =  2
x =

   11.0000    3.0000   43.4100

y =

   61.00000   45.00000    6.40000    0.00000

rad =  165.93
retval =  2.8960
retval =  2.8960
refX =  2.8960
rad =  61.752
out = 0
retval =  1.0778
out =  1.0778
retval =  1.0778
refY =  1.0778
outmatrixC =

Diagonal Matrix

   1   0
   0   1
   0   0
   0   0
   0   0
   0   0
   0   0

res =

   0
   0
   0

res =

  -0.45910
   0.00000
   0.00000

res =

  -0.45910
   0.11505
   0.00000

res =

  -0.45910
   0.11505
   0.88091

retval =

  -0.45910
   0.11505
   0.88091

ref =

  -0.45910
   0.11505
   0.88091

i = 0
t = 0
dT =  30
deltaT = 0
rad = 0
retval =

   1   0   0
   0   1   0
   0   0   1

rotTime =

   1   0   0
   0   1   0
   0   0   1

newRef =

  -0.45910
   0.11505
   0.88091

ob =

  -0.73495
   0.58151
   0.34883

outmatrixC =

Diagonal Matrix

  -0.45910         0
         0   1.00000
         0         0
         0         0
         0         0
         0         0
         0         0

outmatrixC =

  -0.45910   0.00000
   0.11505   1.00000
   0.00000   0.00000
   0.00000   0.00000
   0.00000   0.00000
   0.00000   0.00000
   0.00000   0.00000

outmatrixC =

  -0.45910   0.00000
   0.11505   1.00000
   0.88091   0.00000
   0.00000   0.00000
   0.00000   0.00000
   0.00000   0.00000
   0.00000   0.00000

outmatrixC =

  -0.45910   0.00000
   0.11505   1.00000
   0.88091   0.00000
  -0.73495   0.00000
   0.00000   0.00000
   0.00000   0.00000
   0.00000   0.00000

outmatrixC =

  -0.45910   0.00000
   0.11505   1.00000
   0.88091   0.00000
  -0.73495   0.00000
   0.58151   0.00000
   0.00000   0.00000
   0.00000   0.00000

outmatrixC =

  -0.45910   0.00000
   0.11505   1.00000
   0.88091   0.00000
  -0.73495   0.00000
   0.58151   0.00000
   0.34883   0.00000
   0.00000   0.00000

outmatrixC =

  -0.45910   0.00000
   0.11505   1.00000
   0.88091   0.00000
  -0.73495   0.00000
   0.58151   0.00000
   0.34883   0.00000
   0.00000   0.00000

i =  1
deltaT =  30
rad =  0.0021817
retval =

   1.00000   0.00218   0.00000
  -0.00218   1.00000   0.00000
   0.00000   0.00000   1.00000

rotTime =

   1.00000   0.00218   0.00000
  -0.00218   1.00000   0.00000
   0.00000   0.00000   1.00000

newRef =

  -0.45884
   0.11606
   0.88091

ob =

  -0.73433
   0.58233
   0.34878

outmatrixC =

  -0.45910  -0.45884
   0.11505   1.00000
   0.88091   0.00000
  -0.73495   0.00000
   0.58151   0.00000
   0.34883   0.00000
   0.00000   0.00000

outmatrixC =

  -0.45910  -0.45884
   0.11505   0.11606
   0.88091   0.00000
  -0.73495   0.00000
   0.58151   0.00000
   0.34883   0.00000
   0.00000   0.00000

outmatrixC =

  -0.45910  -0.45884
   0.11505   0.11606
   0.88091   0.88091
  -0.73495   0.00000
   0.58151   0.00000
   0.34883   0.00000
   0.00000   0.00000

outmatrixC =

  -0.45910  -0.45884
   0.11505   0.11606
   0.88091   0.88091
  -0.73495  -0.73433
   0.58151   0.00000
   0.34883   0.00000
   0.00000   0.00000

outmatrixC =

  -0.45910  -0.45884
   0.11505   0.11606
   0.88091   0.88091
  -0.73495  -0.73433
   0.58151   0.58233
   0.34883   0.00000
   0.00000   0.00000

outmatrixC =

  -0.45910  -0.45884
   0.11505   0.11606
   0.88091   0.88091
  -0.73495  -0.73433
   0.58151   0.58233
   0.34883   0.34878
   0.00000   0.00000

outmatrixC =

   -0.45910   -0.45884
    0.11505    0.11606
    0.88091    0.88091
   -0.73495   -0.73433
    0.58151    0.58233
    0.34883    0.34878
    0.00000   30.00000

i =  2
retval =

   -0.45910   -0.45884
    0.11505    0.11606
    0.88091    0.88091
   -0.73495   -0.73433
    0.58151    0.58233
    0.34883    0.34878
    0.00000   30.00000

mes1 =

   -0.45910   -0.45884
    0.11505    0.11606
    0.88091    0.88091
   -0.73495   -0.73433
    0.58151    0.58233
    0.34883    0.34878
    0.00000   30.00000

x =

   11.0000    1.0000   50.7200

y =

   56.00000   22.00000   56.90000    0.00000

rad =  165.46
retval =  2.8878
retval =  2.8878
refX =  2.8878
rad =  56.382
out = 0
retval =  0.98406
out =  0.98406
retval =  0.98406
refY =  0.98406
outmatrixC =

Diagonal Matrix

   1   0
   0   1
   0   0
   0   0
   0   0
   0   0
   0   0

res =

   0
   0
   0

res =

  -0.53592
   0.00000
   0.00000

res =

  -0.53592
   0.13898
   0.00000

res =

  -0.53592
   0.13898
   0.83275

retval =

  -0.53592
   0.13898
   0.83275

ref =

  -0.53592
   0.13898
   0.83275

i = 0
t =  60
dT =  30
deltaT =  60
rad =  0.0043633
retval =

   0.99999   0.00436   0.00000
  -0.00436   0.99999   0.00000
   0.00000   0.00000   1.00000

rotTime =

   0.99999   0.00436   0.00000
  -0.00436   0.99999   0.00000
   0.00000   0.00000   1.00000

newRef =

  -0.53531
   0.14132
   0.83275

ob =

  -0.75666
   0.60014
   0.25940

outmatrixC =

Diagonal Matrix

  -0.53531         0
         0   1.00000
         0         0
         0         0
         0         0
         0         0
         0         0

outmatrixC =

  -0.53531   0.00000
   0.14132   1.00000
   0.00000   0.00000
   0.00000   0.00000
   0.00000   0.00000
   0.00000   0.00000
   0.00000   0.00000

outmatrixC =

  -0.53531   0.00000
   0.14132   1.00000
   0.83275   0.00000
   0.00000   0.00000
   0.00000   0.00000
   0.00000   0.00000
   0.00000   0.00000

outmatrixC =

  -0.53531   0.00000
   0.14132   1.00000
   0.83275   0.00000
  -0.75666   0.00000
   0.00000   0.00000
   0.00000   0.00000
   0.00000   0.00000

outmatrixC =

  -0.53531   0.00000
   0.14132   1.00000
   0.83275   0.00000
  -0.75666   0.00000
   0.60014   0.00000
   0.00000   0.00000
   0.00000   0.00000

outmatrixC =

  -0.53531   0.00000
   0.14132   1.00000
   0.83275   0.00000
  -0.75666   0.00000
   0.60014   0.00000
   0.25940   0.00000
   0.00000   0.00000

outmatrixC =

   -0.53531    0.00000
    0.14132    1.00000
    0.83275    0.00000
   -0.75666    0.00000
    0.60014    0.00000
    0.25940    0.00000
   60.00000    0.00000

i =  1
deltaT =  90
rad =  0.0065450
retval =

   0.99998   0.00654   0.00000
  -0.00654   0.99998   0.00000
   0.00000   0.00000   1.00000

rotTime =

   0.99998   0.00654   0.00000
  -0.00654   0.99998   0.00000
   0.00000   0.00000   1.00000

newRef =

  -0.53500
   0.14249
   0.83275

ob =

  -0.75592
   0.60110
   0.25934

outmatrixC =

   -0.53531   -0.53500
    0.14132    1.00000
    0.83275    0.00000
   -0.75666    0.00000
    0.60014    0.00000
    0.25940    0.00000
   60.00000    0.00000

outmatrixC =

   -0.53531   -0.53500
    0.14132    0.14249
    0.83275    0.00000
   -0.75666    0.00000
    0.60014    0.00000
    0.25940    0.00000
   60.00000    0.00000

outmatrixC =

   -0.53531   -0.53500
    0.14132    0.14249
    0.83275    0.83275
   -0.75666    0.00000
    0.60014    0.00000
    0.25940    0.00000
   60.00000    0.00000

outmatrixC =

   -0.53531   -0.53500
    0.14132    0.14249
    0.83275    0.83275
   -0.75666   -0.75592
    0.60014    0.00000
    0.25940    0.00000
   60.00000    0.00000

outmatrixC =

   -0.53531   -0.53500
    0.14132    0.14249
    0.83275    0.83275
   -0.75666   -0.75592
    0.60014    0.60110
    0.25940    0.00000
   60.00000    0.00000

outmatrixC =

   -0.53531   -0.53500
    0.14132    0.14249
    0.83275    0.83275
   -0.75666   -0.75592
    0.60014    0.60110
    0.25940    0.25934
   60.00000    0.00000

outmatrixC =

   -0.53531   -0.53500
    0.14132    0.14249
    0.83275    0.83275
   -0.75666   -0.75592
    0.60014    0.60110
    0.25940    0.25934
   60.00000   90.00000

i =  2
retval =

   -0.53531   -0.53500
    0.14132    0.14249
    0.83275    0.83275
   -0.75666   -0.75592
    0.60014    0.60110
    0.25940    0.25934
   60.00000   90.00000

mes2 =

   -0.53531   -0.53500
    0.14132    0.14249
    0.83275    0.83275
   -0.75666   -0.75592
    0.60014    0.60110
    0.25940    0.25934
   60.00000   90.00000

x =

   11.000   53.000   50.090

y =

   53.00000   41.00000   41.49000    0.00000

rad =  178.46
retval =  3.1147
retval =  3.1147
refX =  3.1147
rad =  53.695
out = 0
retval =  0.93715
out =  0.93715
retval =  0.93715
refY =  0.93715
outmatrixC =

Diagonal Matrix

   1   0
   0   1
   0   0
   0   0
   0   0
   0   0
   0   0

res =

   0
   0
   0

res =

  -0.59187
   0.00000
   0.00000

res =

  -0.59187
   0.01593
   0.00000

res =

  -0.591871
   0.015926
   0.805875

retval =

  -0.591871
   0.015926
   0.805875

ref =

  -0.591871
   0.015926
   0.805875

i = 0
t =  120
dT =  30
deltaT =  120
rad =  0.0087266
retval =

   0.99996   0.00873   0.00000
  -0.00873   0.99996   0.00000
   0.00000   0.00000   1.00000

rotTime =

   0.99996   0.00873   0.00000
  -0.00873   0.99996   0.00000
   0.00000   0.00000   1.00000

newRef =

  -0.591710
   0.021090
   0.805875

ob =

  -0.83759
   0.49552
   0.23002

outmatrixC =

Diagonal Matrix

  -0.59171         0
         0   1.00000
         0         0
         0         0
         0         0
         0         0
         0         0

outmatrixC =

  -0.59171   0.00000
   0.02109   1.00000
   0.00000   0.00000
   0.00000   0.00000
   0.00000   0.00000
   0.00000   0.00000
   0.00000   0.00000

outmatrixC =

  -0.59171   0.00000
   0.02109   1.00000
   0.80588   0.00000
   0.00000   0.00000
   0.00000   0.00000
   0.00000   0.00000
   0.00000   0.00000

outmatrixC =

  -0.59171   0.00000
   0.02109   1.00000
   0.80588   0.00000
  -0.83759   0.00000
   0.00000   0.00000
   0.00000   0.00000
   0.00000   0.00000

outmatrixC =

  -0.59171   0.00000
   0.02109   1.00000
   0.80588   0.00000
  -0.83759   0.00000
   0.49552   0.00000
   0.00000   0.00000
   0.00000   0.00000

outmatrixC =

  -0.59171   0.00000
   0.02109   1.00000
   0.80588   0.00000
  -0.83759   0.00000
   0.49552   0.00000
   0.23002   0.00000
   0.00000   0.00000

outmatrixC =

    -0.59171     0.00000
     0.02109     1.00000
     0.80588     0.00000
    -0.83759     0.00000
     0.49552     0.00000
     0.23002     0.00000
   120.00000     0.00000

i =  1
deltaT =  150
rad =  0.010908
retval =

   0.99994   0.01091   0.00000
  -0.01091   0.99994   0.00000
   0.00000   0.00000   1.00000

rotTime =

   0.99994   0.01091   0.00000
  -0.01091   0.99994   0.00000
   0.00000   0.00000   1.00000

newRef =

  -0.591662
   0.022381
   0.805875

ob =

  -0.83699
   0.49664
   0.22977

outmatrixC =

    -0.59171    -0.59166
     0.02109     1.00000
     0.80588     0.00000
    -0.83759     0.00000
     0.49552     0.00000
     0.23002     0.00000
   120.00000     0.00000

outmatrixC =

    -0.59171    -0.59166
     0.02109     0.02238
     0.80588     0.00000
    -0.83759     0.00000
     0.49552     0.00000
     0.23002     0.00000
   120.00000     0.00000

outmatrixC =

    -0.59171    -0.59166
     0.02109     0.02238
     0.80588     0.80588
    -0.83759     0.00000
     0.49552     0.00000
     0.23002     0.00000
   120.00000     0.00000

outmatrixC =

    -0.59171    -0.59166
     0.02109     0.02238
     0.80588     0.80588
    -0.83759    -0.83699
     0.49552     0.00000
     0.23002     0.00000
   120.00000     0.00000

outmatrixC =

    -0.59171    -0.59166
     0.02109     0.02238
     0.80588     0.80588
    -0.83759    -0.83699
     0.49552     0.49664
     0.23002     0.00000
   120.00000     0.00000

outmatrixC =

    -0.59171    -0.59166
     0.02109     0.02238
     0.80588     0.80588
    -0.83759    -0.83699
     0.49552     0.49664
     0.23002     0.22977
   120.00000     0.00000

outmatrixC =

    -0.591710    -0.591662
     0.021090     0.022381
     0.805875     0.805875
    -0.837588    -0.836993
     0.495517     0.496636
     0.230022     0.229772
   120.000000   150.000000

i =  2
retval =

    -0.591710    -0.591662
     0.021090     0.022381
     0.805875     0.805875
    -0.837588    -0.836993
     0.495517     0.496636
     0.230022     0.229772
   120.000000   150.000000

mes3 =

    -0.591710    -0.591662
     0.021090     0.022381
     0.805875     0.805875
    -0.837588    -0.836993
     0.495517     0.496636
     0.230022     0.229772
   120.000000   150.000000

w =  0.062500
err_ = 0
err =

   0   0   0

epsylon =

   0   0   0

ref =

  -0.45910
   0.11505
   0.88091

obs =

  -0.73495
   0.58151
   0.34883

retval =

   0.0210884  -0.0052850  -0.0404641
  -0.0166856   0.0041816   0.0320161
  -0.0100093   0.0025084   0.0192057

B_0 =

   0.0210884  -0.0052850  -0.0404641
  -0.0166856   0.0041816   0.0320161
  -0.0100093   0.0025084   0.0192057

retval =

   0.0421767  -0.0219705  -0.0504733
  -0.0219705   0.0083631   0.0345245
  -0.0504733   0.0345245   0.0384113

S_0 =

   0.0421767  -0.0219705  -0.0504733
  -0.0219705   0.0083631   0.0345245
  -0.0504733   0.0345245   0.0384113

retval =

   0.029508
   0.030455
   0.011401

Z_0 =

   0.029508
   0.030455
   0.011401

retval =  0.044476
sigma_0 =  0.044476
K =

Diagonal Matrix

   1   0   0   0
   0   1   0   0
   0   0   1   0
   0   0   0   1

q1 =

  -0.0022989  -0.0219705  -0.0504733
  -0.0219705  -0.0361124   0.0345245
  -0.0504733   0.0345245  -0.0060643

K =

Diagonal Matrix

  -0.0022989           0           0           0
           0   1.0000000           0           0
           0           0   1.0000000           0
           0           0           0   1.0000000

K =

  -0.00230   0.00000   0.00000   0.00000
  -0.02197   1.00000   0.00000   0.00000
   0.00000   0.00000   1.00000   0.00000
   0.00000   0.00000   0.00000   1.00000

K =

  -0.00230   0.00000   0.00000   0.00000
  -0.02197   1.00000   0.00000   0.00000
  -0.05047   0.00000   1.00000   0.00000
   0.00000   0.00000   0.00000   1.00000

K =

  -0.00230  -0.02197   0.00000   0.00000
  -0.02197   1.00000   0.00000   0.00000
  -0.05047   0.00000   1.00000   0.00000
   0.00000   0.00000   0.00000   1.00000

K =

  -0.00230  -0.02197   0.00000   0.00000
  -0.02197  -0.03611   0.00000   0.00000
  -0.05047   0.00000   1.00000   0.00000
   0.00000   0.00000   0.00000   1.00000

K =

  -0.00230  -0.02197   0.00000   0.00000
  -0.02197  -0.03611   0.00000   0.00000
  -0.05047   0.03452   1.00000   0.00000
   0.00000   0.00000   0.00000   1.00000

K =

  -0.00230  -0.02197  -0.05047   0.00000
  -0.02197  -0.03611   0.00000   0.00000
  -0.05047   0.03452   1.00000   0.00000
   0.00000   0.00000   0.00000   1.00000

K =

  -0.00230  -0.02197  -0.05047   0.00000
  -0.02197  -0.03611   0.03452   0.00000
  -0.05047   0.03452   1.00000   0.00000
   0.00000   0.00000   0.00000   1.00000

K =

  -0.00230  -0.02197  -0.05047   0.00000
  -0.02197  -0.03611   0.03452   0.00000
  -0.05047   0.03452  -0.00606   0.00000
   0.00000   0.00000   0.00000   1.00000

K =

  -0.00230  -0.02197  -0.05047   0.00000
  -0.02197  -0.03611   0.03452   0.00000
  -0.05047   0.03452  -0.00606   0.00000
   0.02951   0.00000   0.00000   1.00000

K =

  -0.00230  -0.02197  -0.05047   0.00000
  -0.02197  -0.03611   0.03452   0.00000
  -0.05047   0.03452  -0.00606   0.00000
   0.02951   0.03045   0.00000   1.00000

K =

  -0.00230  -0.02197  -0.05047   0.00000
  -0.02197  -0.03611   0.03452   0.00000
  -0.05047   0.03452  -0.00606   0.00000
   0.02951   0.03045   0.01140   1.00000

K =

  -0.002299  -0.021971  -0.050473   0.000000
  -0.021971  -0.036112   0.034525   0.000000
  -0.050473   0.034525  -0.006064   0.000000
   0.029508   0.030455   0.011401   0.044476

K =

  -0.002299  -0.021971  -0.050473   0.029508
  -0.021971  -0.036112   0.034525   0.000000
  -0.050473   0.034525  -0.006064   0.000000
   0.029508   0.030455   0.011401   0.044476

K =

  -0.002299  -0.021971  -0.050473   0.029508
  -0.021971  -0.036112   0.034525   0.030455
  -0.050473   0.034525  -0.006064   0.000000
   0.029508   0.030455   0.011401   0.044476

K =

  -0.0022989  -0.0219705  -0.0504733   0.0295077
  -0.0219705  -0.0361124   0.0345245   0.0304548
  -0.0504733   0.0345245  -0.0060643   0.0114006
   0.0295077   0.0304548   0.0114006   0.0444756

retval =

  -0.036782  -0.351529  -0.807574   0.472123
  -0.351529  -0.577799   0.552392   0.487277
  -0.807574   0.552392  -0.097029   0.182410
   0.472123   0.487277   0.182410   0.711609

delta_K_0 =

  -0.036782  -0.351529  -0.807574   0.472123
  -0.351529  -0.577799   0.552392   0.487277
  -0.807574   0.552392  -0.097029   0.182410
   0.472123   0.487277   0.182410   0.711609

K_0_0 =

  -0.036782  -0.351529  -0.807574   0.472123
  -0.351529  -0.577799   0.552392   0.487277
  -0.807574   0.552392  -0.097029   0.182410
   0.472123   0.487277   0.182410   0.711609

delta_m_0 =  0.062500
m_0 =  0.062500
mi =  0.0019781
n =  1
a1 =

Diagonal Matrix

   2.4936        0        0
        0   2.4936        0
        0        0   2.4936

a2 =

   0.480214  -0.250151  -0.574677
  -0.250151   0.095221   0.393087
  -0.574677   0.393087   0.437342

res =

Diagonal Matrix

   1   0   0
   0   1   0
   0   0   1

res =

Diagonal Matrix

   0   0   0
   0   1   0
   0   0   1

res =

   0.00000   0.00000   0.00000
   0.88091   1.00000   0.00000
   0.00000   0.00000   1.00000

res =

   0.00000   0.00000   0.00000
   0.88091   1.00000   0.00000
  -0.11505   0.00000   1.00000

res =

   0.00000  -0.88091   0.00000
   0.88091   1.00000   0.00000
  -0.11505   0.00000   1.00000

res =

   0.00000  -0.88091   0.00000
   0.88091   0.00000   0.00000
  -0.11505   0.00000   1.00000

res =

   0.00000  -0.88091   0.00000
   0.88091   0.00000   0.00000
  -0.11505  -0.45910   1.00000

res =

   0.00000  -0.88091   0.11505
   0.88091   0.00000   0.00000
  -0.11505  -0.45910   1.00000

res =

   0.00000  -0.88091   0.11505
   0.88091   0.00000   0.45910
  -0.11505  -0.45910   1.00000

res =

   0.00000  -0.88091   0.11505
   0.88091   0.00000   0.45910
  -0.11505  -0.45910   0.00000

retval =

   0.00000  -0.88091   0.11505
   0.88091   0.00000   0.45910
  -0.11505  -0.45910   0.00000

res =

Diagonal Matrix

   1   0   0
   0   1   0
   0   0   1

res =

Diagonal Matrix

   0   0   0
   0   1   0
   0   0   1

res =

   0.00000   0.00000   0.00000
   0.88091   1.00000   0.00000
   0.00000   0.00000   1.00000

res =

   0.00000   0.00000   0.00000
   0.88091   1.00000   0.00000
  -0.11505   0.00000   1.00000

res =

   0.00000  -0.88091   0.00000
   0.88091   1.00000   0.00000
  -0.11505   0.00000   1.00000

res =

   0.00000  -0.88091   0.00000
   0.88091   0.00000   0.00000
  -0.11505   0.00000   1.00000

res =

   0.00000  -0.88091   0.00000
   0.88091   0.00000   0.00000
  -0.11505  -0.45910   1.00000

res =

   0.00000  -0.88091   0.11505
   0.88091   0.00000   0.00000
  -0.11505  -0.45910   1.00000

res =

   0.00000  -0.88091   0.11505
   0.88091   0.00000   0.45910
  -0.11505  -0.45910   1.00000

res =

   0.00000  -0.88091   0.11505
   0.88091   0.00000   0.45910
  -0.11505  -0.45910   0.00000

retval =

   0.00000  -0.88091   0.11505
   0.88091   0.00000   0.45910
  -0.11505  -0.45910   0.00000

a3 =

   0.222900   0.230054   0.086120
   0.230054   0.237439   0.088884
   0.086120   0.088884   0.033273

retval =

   0.006323374  -0.000039753  -0.000966404
  -0.000039753   0.005590586   0.000953378
  -0.000966404   0.000953378   0.005863473

R11 =

   0.006323374  -0.000039753  -0.000966404
  -0.000039753   0.005590586   0.000953378
  -0.000966404   0.000953378   0.005863473

retval =

   0   0   0

R12 =

   0   0   0

retval =

   0
   0
   0

R21 =

   0
   0
   0

retval =  0.0039562
R22 =  0.0039562
res =

Diagonal Matrix

   1   0   0   0
   0   1   0   0
   0   0   1   0
   0   0   0   1

res =

Diagonal Matrix

   0.0063234           0           0           0
           0   1.0000000           0           0
           0           0   1.0000000           0
           0           0           0   1.0000000

res =

   0.00632   0.00000   0.00000   0.00000
  -0.00004   1.00000   0.00000   0.00000
   0.00000   0.00000   1.00000   0.00000
   0.00000   0.00000   0.00000   1.00000

res =

   0.00632   0.00000   0.00000   0.00000
  -0.00004   1.00000   0.00000   0.00000
  -0.00097   0.00000   1.00000   0.00000
   0.00000   0.00000   0.00000   1.00000

res =

   0.00632  -0.00004   0.00000   0.00000
  -0.00004   1.00000   0.00000   0.00000
  -0.00097   0.00000   1.00000   0.00000
   0.00000   0.00000   0.00000   1.00000

res =

   0.00632  -0.00004   0.00000   0.00000
  -0.00004   0.00559   0.00000   0.00000
  -0.00097   0.00000   1.00000   0.00000
   0.00000   0.00000   0.00000   1.00000

res =

   0.00632  -0.00004   0.00000   0.00000
  -0.00004   0.00559   0.00000   0.00000
  -0.00097   0.00095   1.00000   0.00000
   0.00000   0.00000   0.00000   1.00000

res =

   0.00632  -0.00004  -0.00097   0.00000
  -0.00004   0.00559   0.00000   0.00000
  -0.00097   0.00095   1.00000   0.00000
   0.00000   0.00000   0.00000   1.00000

res =

   0.00632  -0.00004  -0.00097   0.00000
  -0.00004   0.00559   0.00095   0.00000
  -0.00097   0.00095   1.00000   0.00000
   0.00000   0.00000   0.00000   1.00000

res =

   0.00632  -0.00004  -0.00097   0.00000
  -0.00004   0.00559   0.00095   0.00000
  -0.00097   0.00095   0.00586   0.00000
   0.00000   0.00000   0.00000   1.00000

res =

   0.00632  -0.00004  -0.00097   0.00000
  -0.00004   0.00559   0.00095   0.00000
  -0.00097   0.00095   0.00586   0.00000
   0.00000   0.00000   0.00000   1.00000

res =

   0.00632  -0.00004  -0.00097   0.00000
  -0.00004   0.00559   0.00095   0.00000
  -0.00097   0.00095   0.00586   0.00000
   0.00000   0.00000   0.00000   1.00000

res =

   0.00632  -0.00004  -0.00097   0.00000
  -0.00004   0.00559   0.00095   0.00000
  -0.00097   0.00095   0.00586   0.00000
   0.00000   0.00000   0.00000   1.00000

res =

   0.00632  -0.00004  -0.00097   0.00000
  -0.00004   0.00559   0.00095   0.00000
  -0.00097   0.00095   0.00586   0.00000
   0.00000   0.00000   0.00000   1.00000

res =

   0.00632  -0.00004  -0.00097   0.00000
  -0.00004   0.00559   0.00095   0.00000
  -0.00097   0.00095   0.00586   0.00000
   0.00000   0.00000   0.00000   1.00000

res =

   0.00632  -0.00004  -0.00097   0.00000
  -0.00004   0.00559   0.00095   0.00000
  -0.00097   0.00095   0.00586   0.00000
   0.00000   0.00000   0.00000   1.00000

res =

   0.0063234  -0.0000398  -0.0009664   0.0000000
  -0.0000398   0.0055906   0.0009534   0.0000000
  -0.0009664   0.0009534   0.0058635   0.0000000
   0.0000000   0.0000000   0.0000000   0.0039562

retval =

   0.0063234  -0.0000398  -0.0009664   0.0000000
  -0.0000398   0.0055906   0.0009534   0.0000000
  -0.0009664   0.0009534   0.0058635   0.0000000
   0.0000000   0.0000000   0.0000000   0.0039562

retval =

   0.0063234  -0.0000398  -0.0009664   0.0000000
  -0.0000398   0.0055906   0.0009534   0.0000000
  -0.0009664   0.0009534   0.0058635   0.0000000
   0.0000000   0.0000000   0.0000000   0.0039562

R_0_0 =

   0.0063234  -0.0000398  -0.0009664   0.0000000
  -0.0000398   0.0055906   0.0009534   0.0000000
  -0.0009664   0.0009534   0.0058635   0.0000000
   0.0000000   0.0000000   0.0000000   0.0039562

P_0_0 =

   0.0063234  -0.0000398  -0.0009664   0.0000000
  -0.0000398   0.0055906   0.0009534   0.0000000
  -0.0009664   0.0009534   0.0058635   0.0000000
   0.0000000   0.0000000   0.0000000   0.0039562

P_k_k =

   0.0063234  -0.0000398  -0.0009664   0.0000000
  -0.0000398   0.0055906   0.0009534   0.0000000
  -0.0009664   0.0009534   0.0058635   0.0000000
   0.0000000   0.0000000   0.0000000   0.0039562

K_k_k =

  -0.036782  -0.351529  -0.807574   0.472123
  -0.351529  -0.577799   0.552392   0.487277
  -0.807574   0.552392  -0.097029   0.182410
   0.472123   0.487277   0.182410   0.711609

m_k =  0.062500
omega =

   0.000000000   0.000000000   0.000072722

deltaT =  150
res =

Diagonal Matrix

   1   0   0
   0   1   0
   0   0   1

res =

Diagonal Matrix

   0   0   0
   0   1   0
   0   0   1

res =

   0.00000   0.00000   0.00000
   0.00007   1.00000   0.00000
   0.00000   0.00000   1.00000

res =

   0.00000   0.00000   0.00000
   0.00007   1.00000   0.00000
  -0.00000   0.00000   1.00000

res =

   0.00000  -0.00007   0.00000
   0.00007   1.00000   0.00000
  -0.00000   0.00000   1.00000

res =

   0.00000  -0.00007   0.00000
   0.00007   0.00000   0.00000
  -0.00000   0.00000   1.00000

res =

   0.00000  -0.00007   0.00000
   0.00007   0.00000   0.00000
  -0.00000   0.00000   1.00000

res =

   0.00000  -0.00007   0.00000
   0.00007   0.00000   0.00000
  -0.00000   0.00000   1.00000

res =

   0.00000  -0.00007   0.00000
   0.00007   0.00000  -0.00000
  -0.00000   0.00000   1.00000

res =

   0.000000000  -0.000072722   0.000000000
   0.000072722   0.000000000  -0.000000000
  -0.000000000   0.000000000   0.000000000

retval =

   0.000000000  -0.000072722   0.000000000
   0.000072722   0.000000000  -0.000000000
  -0.000000000   0.000000000   0.000000000

retval =

   0.000000000  -0.000072722   0.000000000
   0.000072722   0.000000000  -0.000000000
  -0.000000000   0.000000000   0.000000000

omega_c =

   0.000000000  -0.000072722   0.000000000
   0.000072722   0.000000000  -0.000000000
  -0.000000000   0.000000000   0.000000000

res =

   0   0   0   0
   0   0   0   0
   0   0   0   0
   0   0   0   0

res =

  -0   0   0   0
   0   0   0   0
   0   0   0   0
   0   0   0   0

res =

  -0.000000000   0.000000000   0.000000000   0.000000000
  -0.000072722   0.000000000   0.000000000   0.000000000
   0.000000000   0.000000000   0.000000000   0.000000000
   0.000000000   0.000000000   0.000000000   0.000000000

res =

  -0.000000000   0.000000000   0.000000000   0.000000000
  -0.000072722   0.000000000   0.000000000   0.000000000
   0.000000000   0.000000000   0.000000000   0.000000000
   0.000000000   0.000000000   0.000000000   0.000000000

res =

  -0.000000000   0.000072722   0.000000000   0.000000000
  -0.000072722   0.000000000   0.000000000   0.000000000
   0.000000000   0.000000000   0.000000000   0.000000000
   0.000000000   0.000000000   0.000000000   0.000000000

res =

  -0.000000000   0.000072722   0.000000000   0.000000000
  -0.000072722  -0.000000000   0.000000000   0.000000000
   0.000000000   0.000000000   0.000000000   0.000000000
   0.000000000   0.000000000   0.000000000   0.000000000

res =

  -0.000000000   0.000072722   0.000000000   0.000000000
  -0.000072722  -0.000000000   0.000000000   0.000000000
   0.000000000  -0.000000000   0.000000000   0.000000000
   0.000000000   0.000000000   0.000000000   0.000000000

res =

  -0.000000000   0.000072722  -0.000000000   0.000000000
  -0.000072722  -0.000000000   0.000000000   0.000000000
   0.000000000  -0.000000000   0.000000000   0.000000000
   0.000000000   0.000000000   0.000000000   0.000000000

res =

  -0.000000000   0.000072722  -0.000000000   0.000000000
  -0.000072722  -0.000000000   0.000000000   0.000000000
   0.000000000  -0.000000000   0.000000000   0.000000000
   0.000000000   0.000000000   0.000000000   0.000000000

res =

  -0.000000000   0.000072722  -0.000000000   0.000000000
  -0.000072722  -0.000000000   0.000000000   0.000000000
   0.000000000  -0.000000000  -0.000000000   0.000000000
   0.000000000   0.000000000   0.000000000   0.000000000

res =

  -0.000000000   0.000072722  -0.000000000   0.000000000
  -0.000072722  -0.000000000   0.000000000   0.000000000
   0.000000000  -0.000000000  -0.000000000   0.000000000
   0.000000000   0.000000000   0.000000000   0.000000000

res =

  -0.000000000   0.000072722  -0.000000000   0.000000000
  -0.000072722  -0.000000000   0.000000000   0.000000000
   0.000000000  -0.000000000  -0.000000000   0.000000000
   0.000000000   0.000000000   0.000000000   0.000000000

res =

  -0.000000000   0.000072722  -0.000000000   0.000000000
  -0.000072722  -0.000000000   0.000000000   0.000000000
   0.000000000  -0.000000000  -0.000000000   0.000072722
   0.000000000   0.000000000   0.000000000   0.000000000

res =

  -0.000000000   0.000072722  -0.000000000   0.000000000
  -0.000072722  -0.000000000   0.000000000   0.000000000
   0.000000000  -0.000000000  -0.000000000   0.000072722
  -0.000000000   0.000000000   0.000000000   0.000000000

res =

  -0.000000000   0.000072722  -0.000000000   0.000000000
  -0.000072722  -0.000000000   0.000000000   0.000000000
   0.000000000  -0.000000000  -0.000000000   0.000072722
  -0.000000000  -0.000000000   0.000000000   0.000000000

res =

  -0.000000000   0.000072722  -0.000000000   0.000000000
  -0.000072722  -0.000000000   0.000000000   0.000000000
   0.000000000  -0.000000000  -0.000000000   0.000072722
  -0.000000000  -0.000000000  -0.000072722   0.000000000

res =

  -0.000000000   0.000072722  -0.000000000   0.000000000
  -0.000072722  -0.000000000   0.000000000   0.000000000
   0.000000000  -0.000000000  -0.000000000   0.000072722
  -0.000000000  -0.000000000  -0.000072722   0.000000000

retval =

  -0.000000000   0.000072722  -0.000000000   0.000000000
  -0.000072722  -0.000000000   0.000000000   0.000000000
   0.000000000  -0.000000000  -0.000000000   0.000072722
  -0.000000000  -0.000000000  -0.000072722   0.000000000

retval =

  -0.000000000   0.000036361  -0.000000000   0.000000000
  -0.000036361  -0.000000000   0.000000000   0.000000000
   0.000000000  -0.000000000  -0.000000000   0.000036361
  -0.000000000  -0.000000000  -0.000036361   0.000000000

omega =

  -0.000000000   0.000036361  -0.000000000   0.000000000
  -0.000036361  -0.000000000   0.000000000   0.000000000
   0.000000000  -0.000000000  -0.000000000   0.000036361
  -0.000000000  -0.000000000  -0.000036361   0.000000000

retval =

   0.99999   0.00545   0.00000   0.00000
  -0.00545   0.99999   0.00000   0.00000
   0.00000   0.00000   0.99999   0.00545
   0.00000   0.00000  -0.00545   0.99999

FI_k =

   0.99999   0.00545   0.00000   0.00000
  -0.00545   0.99999   0.00000   0.00000
   0.00000   0.00000   0.99999   0.00545
   0.00000   0.00000  -0.00545   0.99999

res =

Diagonal Matrix

   1   0   0
   0   1   0
   0   0   1

res =

Diagonal Matrix

   0   0   0
   0   1   0
   0   0   1

res =

   0.00000   0.00000   0.00000
   0.00007   1.00000   0.00000
   0.00000   0.00000   1.00000

res =

   0.00000   0.00000   0.00000
   0.00007   1.00000   0.00000
  -0.00000   0.00000   1.00000

res =

   0.00000  -0.00007   0.00000
   0.00007   1.00000   0.00000
  -0.00000   0.00000   1.00000

res =

   0.00000  -0.00007   0.00000
   0.00007   0.00000   0.00000
  -0.00000   0.00000   1.00000

res =

   0.00000  -0.00007   0.00000
   0.00007   0.00000   0.00000
  -0.00000   0.00000   1.00000

res =

   0.00000  -0.00007   0.00000
   0.00007   0.00000   0.00000
  -0.00000   0.00000   1.00000

res =

   0.00000  -0.00007   0.00000
   0.00007   0.00000  -0.00000
  -0.00000   0.00000   1.00000

res =

   0.000000000  -0.000072722   0.000000000
   0.000072722   0.000000000  -0.000000000
  -0.000000000   0.000000000   0.000000000

retval =

   0.000000000  -0.000072722   0.000000000
   0.000072722   0.000000000  -0.000000000
  -0.000000000   0.000000000   0.000000000

retval =

   0.000000000  -0.000072722   0.000000000
   0.000072722   0.000000000  -0.000000000
  -0.000000000   0.000000000   0.000000000

omega_c =

   0.000000000  -0.000072722   0.000000000
   0.000072722   0.000000000  -0.000000000
  -0.000000000   0.000000000   0.000000000

res =

   0   0   0   0
   0   0   0   0
   0   0   0   0
   0   0   0   0

res =

  -0   0   0   0
   0   0   0   0
   0   0   0   0
   0   0   0   0

res =

  -0.000000000   0.000000000   0.000000000   0.000000000
  -0.000072722   0.000000000   0.000000000   0.000000000
   0.000000000   0.000000000   0.000000000   0.000000000
   0.000000000   0.000000000   0.000000000   0.000000000

res =

  -0.000000000   0.000000000   0.000000000   0.000000000
  -0.000072722   0.000000000   0.000000000   0.000000000
   0.000000000   0.000000000   0.000000000   0.000000000
   0.000000000   0.000000000   0.000000000   0.000000000

res =

  -0.000000000   0.000072722   0.000000000   0.000000000
  -0.000072722   0.000000000   0.000000000   0.000000000
   0.000000000   0.000000000   0.000000000   0.000000000
   0.000000000   0.000000000   0.000000000   0.000000000

res =

  -0.000000000   0.000072722   0.000000000   0.000000000
  -0.000072722  -0.000000000   0.000000000   0.000000000
   0.000000000   0.000000000   0.000000000   0.000000000
   0.000000000   0.000000000   0.000000000   0.000000000

res =

  -0.000000000   0.000072722   0.000000000   0.000000000
  -0.000072722  -0.000000000   0.000000000   0.000000000
   0.000000000  -0.000000000   0.000000000   0.000000000
   0.000000000   0.000000000   0.000000000   0.000000000

res =

  -0.000000000   0.000072722  -0.000000000   0.000000000
  -0.000072722  -0.000000000   0.000000000   0.000000000
   0.000000000  -0.000000000   0.000000000   0.000000000
   0.000000000   0.000000000   0.000000000   0.000000000

res =

  -0.000000000   0.000072722  -0.000000000   0.000000000
  -0.000072722  -0.000000000   0.000000000   0.000000000
   0.000000000  -0.000000000   0.000000000   0.000000000
   0.000000000   0.000000000   0.000000000   0.000000000

res =

  -0.000000000   0.000072722  -0.000000000   0.000000000
  -0.000072722  -0.000000000   0.000000000   0.000000000
   0.000000000  -0.000000000  -0.000000000   0.000000000
   0.000000000   0.000000000   0.000000000   0.000000000

res =

  -0.000000000   0.000072722  -0.000000000   0.000000000
  -0.000072722  -0.000000000   0.000000000   0.000000000
   0.000000000  -0.000000000  -0.000000000   0.000000000
   0.000000000   0.000000000   0.000000000   0.000000000

res =

  -0.000000000   0.000072722  -0.000000000   0.000000000
  -0.000072722  -0.000000000   0.000000000   0.000000000
   0.000000000  -0.000000000  -0.000000000   0.000000000
   0.000000000   0.000000000   0.000000000   0.000000000

res =

  -0.000000000   0.000072722  -0.000000000   0.000000000
  -0.000072722  -0.000000000   0.000000000   0.000000000
   0.000000000  -0.000000000  -0.000000000   0.000072722
   0.000000000   0.000000000   0.000000000   0.000000000

res =

  -0.000000000   0.000072722  -0.000000000   0.000000000
  -0.000072722  -0.000000000   0.000000000   0.000000000
   0.000000000  -0.000000000  -0.000000000   0.000072722
  -0.000000000   0.000000000   0.000000000   0.000000000

res =

  -0.000000000   0.000072722  -0.000000000   0.000000000
  -0.000072722  -0.000000000   0.000000000   0.000000000
   0.000000000  -0.000000000  -0.000000000   0.000072722
  -0.000000000  -0.000000000   0.000000000   0.000000000

res =

  -0.000000000   0.000072722  -0.000000000   0.000000000
  -0.000072722  -0.000000000   0.000000000   0.000000000
   0.000000000  -0.000000000  -0.000000000   0.000072722
  -0.000000000  -0.000000000  -0.000072722   0.000000000

res =

  -0.000000000   0.000072722  -0.000000000   0.000000000
  -0.000072722  -0.000000000   0.000000000   0.000000000
   0.000000000  -0.000000000  -0.000000000   0.000072722
  -0.000000000  -0.000000000  -0.000072722   0.000000000

retval =

  -0.000000000   0.000072722  -0.000000000   0.000000000
  -0.000072722  -0.000000000   0.000000000   0.000000000
   0.000000000  -0.000000000  -0.000000000   0.000072722
  -0.000000000  -0.000000000  -0.000072722   0.000000000

retval =

  -0.000000000   0.000036361  -0.000000000   0.000000000
  -0.000036361  -0.000000000   0.000000000   0.000000000
   0.000000000  -0.000000000  -0.000000000   0.000036361
  -0.000000000  -0.000000000  -0.000036361   0.000000000

OMEGA_k =

  -0.000000000   0.000036361  -0.000000000   0.000000000
  -0.000036361  -0.000000000   0.000000000   0.000000000
   0.000000000  -0.000000000  -0.000000000   0.000036361
  -0.000000000  -0.000000000  -0.000036361   0.000000000

ref_k1 =

  -0.53500
   0.14249
   0.83275

obs_k1 =

  -0.75592
   0.60110
   0.25934

retval =

   0.0252761  -0.0067319  -0.0393436
  -0.0200991   0.0053531   0.0312854
  -0.0086717   0.0023096   0.0134979

B_k1 =

   0.0252761  -0.0067319  -0.0393436
  -0.0200991   0.0053531   0.0312854
  -0.0086717   0.0023096   0.0134979

retval =

   0.050552  -0.026831  -0.048015
  -0.026831   0.010706   0.033595
  -0.048015   0.033595   0.026996

S_k1 =

   0.050552  -0.026831  -0.048015
  -0.026831   0.010706   0.033595
  -0.048015   0.033595   0.026996

retval =

   0.028976
   0.030672
   0.013367

Z_k1 =

   0.028976
   0.030672
   0.013367

retval =  0.044127
sigma_k1 =  0.044127
K =

Diagonal Matrix

   1   0   0   0
   0   1   0   0
   0   0   1   0
   0   0   0   1

q1 =

   0.0064250  -0.0268310  -0.0480153
  -0.0268310  -0.0334209   0.0335950
  -0.0480153   0.0335950  -0.0171312

K =

Diagonal Matrix

   0.0064250           0           0           0
           0   1.0000000           0           0
           0           0   1.0000000           0
           0           0           0   1.0000000

K =

   0.00643   0.00000   0.00000   0.00000
  -0.02683   1.00000   0.00000   0.00000
   0.00000   0.00000   1.00000   0.00000
   0.00000   0.00000   0.00000   1.00000

K =

   0.00643   0.00000   0.00000   0.00000
  -0.02683   1.00000   0.00000   0.00000
  -0.04802   0.00000   1.00000   0.00000
   0.00000   0.00000   0.00000   1.00000

K =

   0.00643  -0.02683   0.00000   0.00000
  -0.02683   1.00000   0.00000   0.00000
  -0.04802   0.00000   1.00000   0.00000
   0.00000   0.00000   0.00000   1.00000

K =

   0.00643  -0.02683   0.00000   0.00000
  -0.02683  -0.03342   0.00000   0.00000
  -0.04802   0.00000   1.00000   0.00000
   0.00000   0.00000   0.00000   1.00000

K =

   0.00643  -0.02683   0.00000   0.00000
  -0.02683  -0.03342   0.00000   0.00000
  -0.04802   0.03359   1.00000   0.00000
   0.00000   0.00000   0.00000   1.00000

K =

   0.00643  -0.02683  -0.04802   0.00000
  -0.02683  -0.03342   0.00000   0.00000
  -0.04802   0.03359   1.00000   0.00000
   0.00000   0.00000   0.00000   1.00000

K =

   0.00643  -0.02683  -0.04802   0.00000
  -0.02683  -0.03342   0.03359   0.00000
  -0.04802   0.03359   1.00000   0.00000
   0.00000   0.00000   0.00000   1.00000

K =

   0.00643  -0.02683  -0.04802   0.00000
  -0.02683  -0.03342   0.03359   0.00000
  -0.04802   0.03359  -0.01713   0.00000
   0.00000   0.00000   0.00000   1.00000

K =

   0.00643  -0.02683  -0.04802   0.00000
  -0.02683  -0.03342   0.03359   0.00000
  -0.04802   0.03359  -0.01713   0.00000
   0.02898   0.00000   0.00000   1.00000

K =

   0.00643  -0.02683  -0.04802   0.00000
  -0.02683  -0.03342   0.03359   0.00000
  -0.04802   0.03359  -0.01713   0.00000
   0.02898   0.03067   0.00000   1.00000

K =

   0.00643  -0.02683  -0.04802   0.00000
  -0.02683  -0.03342   0.03359   0.00000
  -0.04802   0.03359  -0.01713   0.00000
   0.02898   0.03067   0.01337   1.00000

K =

   0.006425  -0.026831  -0.048015   0.000000
  -0.026831  -0.033421   0.033595   0.000000
  -0.048015   0.033595  -0.017131   0.000000
   0.028976   0.030672   0.013367   0.044127

K =

   0.006425  -0.026831  -0.048015   0.028976
  -0.026831  -0.033421   0.033595   0.000000
  -0.048015   0.033595  -0.017131   0.000000
   0.028976   0.030672   0.013367   0.044127

K =

   0.006425  -0.026831  -0.048015   0.028976
  -0.026831  -0.033421   0.033595   0.030672
  -0.048015   0.033595  -0.017131   0.000000
   0.028976   0.030672   0.013367   0.044127

K =

   0.0064250  -0.0268310  -0.0480153   0.0289759
  -0.0268310  -0.0334209   0.0335950   0.0306719
  -0.0480153   0.0335950  -0.0171312   0.0133672
   0.0289759   0.0306719   0.0133672   0.0441271

retval =

   0.10280  -0.42930  -0.76824   0.46361
  -0.42930  -0.53473   0.53752   0.49075
  -0.76824   0.53752  -0.27410   0.21388
   0.46361   0.49075   0.21388   0.70603

